0.09798657718120807 -0.1491477272727273
0.09261744966442964 -0.1477272727272727
0.09261744966442964 -0.15198863636363635
0.07919463087248313 -0.15767045454545459
0.08187919463087256 -0.15625
0.08187919463087256 -0.16193181818181823
0.07114093959731549 -0.15909090909090906
0.07919463087248313 -0.15767045454545459
0.07651006711409392 -0.15625
0.07114093959731549 -0.15198863636363635
0.09261744966442964 -0.1477272727272727
0.09530201342281885 -0.1491477272727273
0.09261744966442964 -0.15056818181818177
0.0899328859060402 -0.15340909090909094
0.09261744966442964 -0.15482954545454541
0.08456375838926178 -0.15198863636363635
0.08187919463087256 -0.15625
0.08187919463087256 -0.16051136363636365
0.07651006711409392 -0.16193181818181823
0.07651006711409392 -0.15625
0.07919463087248313 -0.1491477272727273
0.08456375838926178 -0.15056818181818177
0.0899328859060402 -0.140625
0.09261744966442964 -0.14346590909090906
0.10067114093959728 -0.14630681818181823
0.09261744966442964 -0.15198863636363635
0.0899328859060402 -0.1477272727272727
0.09261744966442964 -0.15625
0.08724832214765099 -0.15767045454545459
0.08456375838926178 -0.15482954545454541
0.07651006711409392 -0.15482954545454541
0.06845637583892628 -0.15767045454545459
0.08187919463087256 -0.15056818181818177
0.08724832214765099 -0.15198863636363635
0.0899328859060402 -0.1491477272727273
0.09798657718120807 -0.1491477272727273
0.09530201342281885 -0.15198863636363635
0.09530201342281885 -0.15340909090909094
0.08724832214765099 -0.15340909090909094
0.08187919463087256 -0.15340909090909094
0.0738255033557047 -0.15625
0.07651006711409392 -0.15909090909090906
0.06845637583892628 -0.16193181818181823
0.07651006711409392 -0.15625
0.07919463087248313 -0.15340909090909094
0.0738255033557047 -0.15340909090909094
0.08724832214765099 -0.1491477272727273
0.09261744966442964 -0.1491477272727273
0.08187919463087256 -0.15056818181818177
0.08187919463087256 -0.1477272727272727
0.07651006711409392 -0.15198863636363635
0.07114093959731549 -0.15625
0.06308724832214763 -0.16193181818181823
0.06308724832214763 -0.16193181818181823
0.06308724832214763 -0.16193181818181823
0.06308724832214763 -0.15909090909090906
0.06040268456375841 -0.15482954545454541
0.06845637583892628 -0.15625
0.06577181208053684 -0.15198863636363635
0.06845637583892628 -0.15625
0.06845637583892628 -0.15625
0.07114093959731549 -0.15767045454545459
0.06845637583892628 -0.1633522727272727
0.06040268456375841 -0.16619318181818177
0.055033557046979764 -0.16619318181818177
0.04429530201342291 -0.1647727272727273
0.04966442953020134 -0.16619318181818177
0.04966442953020134 -0.16761363636363635
0.05234899328859055 -0.16193181818181823
0.06040268456375841 -0.15909090909090906
0.055033557046979764 -0.15767045454545459
0.06577181208053684 -0.15909090909090906
0.06577181208053684 -0.16051136363636365
0.0577181208053692 -0.1633522727272727
0.05234899328859055 -0.1647727272727273
0.04966442953020134 -0.16761363636363635
0.041610738255033475 -0.171875
0.046979865771812124 -0.16903409090909094
0.05234899328859055 -0.16903409090909094
0.055033557046979764 -0.16619318181818177
0.04966442953020134 -0.16761363636363635
0.05234899328859055 -0.1647727272727273
0.06040268456375841 -0.16051136363636365
0.06308724832214763 -0.16051136363636365
0.06040268456375841 -0.15909090909090906
0.0577181208053692 -0.1633522727272727
0.055033557046979764 -0.1647727272727273
0.055033557046979764 -0.16761363636363635
0.046979865771812124 -0.16903409090909094
0.03892617449664426 -0.17329545454545459
0.041610738255033475 -0.17471590909090906
0.041610738255033475 -0.17045454545454541
0.046979865771812124 -0.1647727272727273
0.055033557046979764 -0.1647727272727273
0.05234899328859055 -0.1633522727272727
0.06308724832214763 -0.16051136363636365
0.0577181208053692 -0.16619318181818177
0.06308724832214763 -0.1647727272727273
0.0577181208053692 -0.16619318181818177
0.04966442953020134 -0.16619318181818177
0.05234899328859055 -0.16903409090909094
0.04966442953020134 -0.17045454545454541
0.041610738255033475 -0.16619318181818177
0.04429530201342291 -0.16903409090909094
0.041610738255033475 -0.17045454545454541
0.046979865771812124 -0.16193181818181823
0.04966442953020134 -0.16193181818181823
0.06308724832214763 -0.16051136363636365
0.06040268456375841 -0.16193181818181823
0.07114093959731549 -0.1647727272727273
0.04966442953020134 -0.16761363636363635
0.04429530201342291 -0.171875
0.04966442953020134 -0.17045454545454541
0.04429530201342291 -0.17045454545454541
0.041610738255033475 -0.171875
0.04429530201342291 -0.16903409090909094
0.055033557046979764 -0.16619318181818177
0.05234899328859055 -0.1647727272727273
0.05234899328859055 -0.15909090909090906
0.06308724832214763 -0.16193181818181823
0.06040268456375841 -0.16193181818181823
0.06040268456375841 -0.16761363636363635
0.06040268456375841 -0.16761363636363635
0.055033557046979764 -0.17329545454545459
0.041610738255033475 -0.16903409090909094
0.03892617449664426 -0.17471590909090906
0.03624161073825505 -0.17329545454545459
0.033557046979865834 -0.17045454545454541
0.03892617449664426 -0.16903409090909094
0.05234899328859055 -0.1647727272727273
0.055033557046979764 -0.16619318181818177
0.04966442953020134 -0.1633522727272727
0.055033557046979764 -0.17045454545454541
0.0577181208053692 -0.17045454545454541
0.0577181208053692 -0.17329545454545459
0.05234899328859055 -0.17755681818181823
0.03892617449664426 -0.1789772727272727
0.03892617449664426 -0.17471590909090906
0.028187919463087185 -0.17471590909090906
0.03624161073825505 -0.17045454545454541
0.041610738255033475 -0.1633522727272727
0.04966442953020134 -0.16619318181818177
0.055033557046979764 -0.1647727272727273
0.06040268456375841 -0.16051136363636365
0.05234899328859055 -0.16193181818181823
0.04429530201342291 -0.16619318181818177
0.041610738255033475 -0.17045454545454541
0.041610738255033475 -0.171875
0.041610738255033475 -0.17045454545454541
0.04429530201342291 -0.17329545454545459
0.03624161073825505 -0.171875
0.046979865771812124 -0.16761363636363635
0.046979865771812124 -0.16761363636363635
0.055033557046979764 -0.16761363636363635
0.0577181208053692 -0.16193181818181823
0.06845637583892628 -0.16051136363636365
0.0738255033557047 -0.1633522727272727
0.06040268456375841 -0.15909090909090906
0.06308724832214763 -0.17045454545454541
0.06040268456375841 -0.17045454545454541
0.046979865771812124 -0.171875
0.055033557046979764 -0.16903409090909094
0.05234899328859055 -0.16619318181818177
0.05234899328859055 -0.16619318181818177
0.055033557046979764 -0.1647727272727273
0.0577181208053692 -0.16193181818181823
0.06577181208053684 -0.1633522727272727
0.06845637583892628 -0.15909090909090906
0.06308724832214763 -0.16193181818181823
0.06308724832214763 -0.1633522727272727
0.06308724832214763 -0.16903409090909094
0.06308724832214763 -0.16903409090909094
0.055033557046979764 -0.17329545454545459
0.05234899328859055 -0.17471590909090906
0.055033557046979764 -0.17045454545454541
0.046979865771812124 -0.1647727272727273
0.055033557046979764 -0.16193181818181823
0.055033557046979764 -0.16619318181818177
0.06308724832214763 -0.1633522727272727
0.0738255033557047 -0.16051136363636365
0.06845637583892628 -0.16193181818181823
0.0577181208053692 -0.16051136363636365
0.0577181208053692 -0.16619318181818177
0.05234899328859055 -0.16619318181818177
0.055033557046979764 -0.17045454545454541
0.046979865771812124 -0.16903409090909094
0.046979865771812124 -0.16903409090909094
0.04966442953020134 -0.16761363636363635
0.055033557046979764 -0.1647727272727273
0.04966442953020134 -0.15909090909090906
0.06040268456375841 -0.15909090909090906
0.06845637583892628 -0.15767045454545459
0.0738255033557047 -0.15909090909090906
0.06577181208053684 -0.16193181818181823
0.06577181208053684 -0.16761363636363635
0.055033557046979764 -0.16903409090909094
0.04966442953020134 -0.17045454545454541
0.041610738255033475 -0.16903409090909094
0.041610738255033475 -0.171875
0.046979865771812124 -0.16761363636363635
0.046979865771812124 -0.1633522727272727
0.04429530201342291 -0.15767045454545459
0.05234899328859055 -0.15767045454545459
0.06308724832214763 -0.15625
0.06845637583892628 -0.15909090909090906
0.06308724832214763 -0.15909090909090906
0.0738255033557047 -0.1647727272727273
0.06577181208053684 -0.16619318181818177
0.06308724832214763 -0.16761363636363635
0.06577181208053684 -0.16761363636363635
0.07114093959731549 -0.16761363636363635
0.06845637583892628 -0.16761363636363635
0.08456375838926178 -0.1647727272727273
0.10067114093959728 -0.1647727272727273
0.1033557046979865 -0.16193181818181823
0.10872483221476514 -0.1633522727272727
0.11140939597315436 -0.16051136363636365
0.10604026845637593 -0.16193181818181823
0.11140939597315436 -0.16051136363636365
0.12214765100671143 -0.16051136363636365
0.12483221476510065 -0.1633522727272727
0.13557046979865772 -0.15767045454545459
0.13825503355704694 -0.15340909090909094
0.14093959731543615 -0.14346590909090906
0.14362416107382558 -0.13920454545454541
0.13825503355704694 -0.1321022727272727
0.15704697986577187 -0.12784090909090906
0.14093959731543615 -0.11789772727272729
0.1463087248322148 -0.12642045454545459
0.12483221476510065 -0.12073863636363635
0.12483221476510065 -0.12784090909090906
0.12483221476510065 -0.12784090909090906
0.11409395973154357 -0.1321022727272727
0.11409395973154357 -0.13068181818181823
0.09798657718120807 -0.13636363636363635
0.09261744966442964 -0.1335227272727273
0.08456375838926178 -0.1321022727272727
0.08456375838926178 -0.13494318181818177
0.0899328859060402 -0.12926136363636365
0.08456375838926178 -0.13068181818181823
0.08187919463087256 -0.140625
0.0738255033557047 -0.14204545454545459
0.06577181208053684 -0.15340909090909094
0.06577181208053684 -0.15909090909090906
0.0577181208053692 -0.15767045454545459
0.0577181208053692 -0.16193181818181823
0.04966442953020134 -0.16051136363636365
0.03892617449664426 -0.15909090909090906
0.04429530201342291 -0.15340909090909094
0.046979865771812124 -0.15625
0.04966442953020134 -0.15482954545454541
0.055033557046979764 -0.15767045454545459
0.06040268456375841 -0.16193181818181823
0.0577181208053692 -0.1647727272727273
0.055033557046979764 -0.16619318181818177
0.04429530201342291 -0.16619318181818177
0.03624161073825505 -0.16761363636363635
0.03087248322147662 -0.171875
0.028187919463087185 -0.17045454545454541
0.03624161073825505 -0.16761363636363635
0.03624161073825505 -0.16761363636363635
0.046979865771812124 -0.16193181818181823
0.05234899328859055 -0.16051136363636365
0.04429530201342291 -0.16193181818181823
0.05234899328859055 -0.16193181818181823
0.055033557046979764 -0.16051136363636365
0.05234899328859055 -0.1647727272727273
0.04966442953020134 -0.16619318181818177
0.04966442953020134 -0.16761363636363635
0.06040268456375841 -0.17045454545454541
0.06308724832214763 -0.16761363636363635
0.08724832214765099 -0.16193181818181823
0.13557046979865772 -0.1477272727272727
0.19731543624161074 -0.125
0.27516778523489926 -0.08096590909090906
0.3557046979865772 -0.02840909090909094
0.44966442953020125 0.03125
0.5248322147651008 0.09943181818181812
0.5838926174496644 0.1647727272727273
0.6107382550335569 0.22869318181818188
0.6026845637583893 0.28125
0.5328859060402684 0.3039772727272727
0.41476510067114103 0.29261363636363646
0.2778523489932887 0.23579545454545459
0.12751677852348986 0.15767045454545459
-0.014765100671140896 0.0625
-0.13557046979865772 -0.045454545454545414
-0.19999999999999996 -0.12926136363636365
-0.22416107382550332 -0.18607954545454541
-0.2053691275167785 -0.20596590909090906
-0.148993288590604 -0.1946022727272727
-0.09530201342281874 -0.171875
-0.041610738255033586 -0.15340909090909094
-0.02281879194630876 -0.13636363636363635
-0.006711409395973145 -0.13636363636363635
0.012080536912751683 -0.13636363636363635
0.033557046979865834 -0.13920454545454541
0.055033557046979764 -0.1477272727272727
0.06845637583892628 -0.14204545454545459
0.08456375838926178 -0.140625
0.08724832214765099 -0.14346590909090906
0.08456375838926178 -0.1491477272727273
0.07919463087248313 -0.1491477272727273
0.07114093959731549 -0.15198863636363635
0.06845637583892628 -0.15482954545454541
0.06308724832214763 -0.16051136363636365
0.06308724832214763 -0.15767045454545459
0.0577181208053692 -0.15909090909090906
0.07114093959731549 -0.15625
0.0738255033557047 -0.15198863636363635
0.07919463087248313 -0.15482954545454541
0.0899328859060402 -0.1491477272727273
0.0899328859060402 -0.1491477272727273
0.08724832214765099 -0.15198863636363635
0.08187919463087256 -0.15198863636363635
0.07919463087248313 -0.15625
0.08187919463087256 -0.15767045454545459
0.07919463087248313 -0.15767045454545459
0.07919463087248313 -0.16051136363636365
0.08187919463087256 -0.15198863636363635
0.08724832214765099 -0.15198863636363635
0.0899328859060402 -0.14204545454545459
0.10067114093959728 -0.14346590909090906
0.10604026845637593 -0.14204545454545459
0.1033557046979865 -0.14488636363636365
0.10604026845637593 -0.14346590909090906
0.10067114093959728 -0.14488636363636365
0.1033557046979865 -0.14630681818181823
0.1033557046979865 -0.15056818181818177
0.10604026845637593 -0.1491477272727273
0.11140939597315436 -0.1477272727272727
0.10604026845637593 -0.14488636363636365
0.11677852348993278 -0.14204545454545459
0.11409395973154357 -0.13636363636363635
0.12751677852348986 -0.13494318181818177
0.13557046979865772 -0.1335227272727273
0.13557046979865772 -0.1321022727272727
0.12751677852348986 -0.13778409090909094
0.12751677852348986 -0.13778409090909094
0.12751677852348986 -0.13778409090909094
0.12483221476510065 -0.140625
0.12483221476510065 -0.13920454545454541
0.13825503355704694 -0.13778409090909094
0.13557046979865772 -0.12784090909090906
0.13557046979865772 -0.125
0.14362416107382558 -0.12357954545454541
0.148993288590604 -0.11789772727272729
0.15436241610738266 -0.11505681818181823
0.15704697986577187 -0.11647727272727271
0.1624161073825503 -0.11647727272727271
0.16778523489932895 -0.11647727272727271
0.16510067114093951 -0.11789772727272729
0.17315436241610738 -0.11789772727272729
0.16778523489932895 -0.11505681818181823
0.17315436241610738 -0.11221590909090906
0.16778523489932895 -0.109375
0.18389261744966445 -0.10369318181818177
0.18657718120805367 -0.09943181818181823
0.19194630872483232 -0.09801136363636365
0.2053691275167786 -0.09232954545454541
0.21073825503355703 -0.08948863636363635
0.2214765100671141 -0.08664772727272729
0.2214765100671141 -0.08948863636363635
0.2214765100671141 -0.09090909090909094
0.21610738255033568 -0.08664772727272729
0.2214765100671141 -0.08664772727272729
0.22684563758389253 -0.08380681818181823
0.2375838926174496 -0.07954545454545459
0.24026845637583882 -0.07102272727272729
0.261744966442953 -0.06818181818181823
0.27248322147651005 -0.05965909090909094
0.291275167785235 -0.0625
0.28859060402684555 -0.058238636363636354
0.3046979865771813 -0.051136363636363646
0.30201342281879184 -0.05255681818181823
0.3073825503355705 -0.051136363636363646
0.3073825503355705 -0.05255681818181823
0.3100671140939597 -0.045454545454545414
0.31543624161073835 -0.042613636363636354
0.3208053691275168 -0.03835227272727271
0.33154362416107386 -0.02840909090909094
0.3395973154362417 -0.02840909090909094
0.34765100671140936 -0.024147727272727293
0.36375838926174486 -0.024147727272727293
0.3691275167785235 -0.021306818181818232
0.3664429530201343 -0.021306818181818232
0.37449664429530194 -0.019886363636363646
0.3718120805369127 -0.025568181818181768
0.3691275167785235 -0.021306818181818232
0.3718120805369127 -0.019886363636363646
0.37449664429530194 -0.017045454545454586
0.3771812080536914 -0.014204545454545414
0.3825503355704698 -0.011363636363636354
0.3798657718120806 -0.014204545454545414
0.39060402684563766 -0.0042613636363636465
0.38791946308724823 -0.01278409090909094
0.385234899328859 -0.014204545454545414
0.3825503355704698 -0.015625
0.3691275167785235 -0.024147727272727293
0.35838926174496644 -0.026988636363636354
0.3369127516778523 -0.03835227272727271
0.3261744966442952 -0.042613636363636354
0.3073825503355705 -0.051136363636363646
0.28859060402684555 -0.058238636363636354
0.2832214765100671 -0.06534090909090906
0.2671140939597316 -0.06676136363636365
0.2644295302013422 -0.07386363636363635
0.2510067114093959 -0.078125
0.24295302013422826 -0.08664772727272729
0.2214765100671141 -0.09801136363636365
0.20805369127516782 -0.10511363636363635
0.18389261744966445 -0.11221590909090906
0.17046979865771816 -0.12357954545454541
0.15167785234899323 -0.12784090909090906
0.1328859060402685 -0.13920454545454541
0.12483221476510065 -0.13920454545454541
0.12214765100671143 -0.14346590909090906
0.11409395973154357 -0.140625
0.11140939597315436 -0.14488636363636365
0.10872483221476514 -0.1491477272727273
0.10604026845637593 -0.15482954545454541
0.1033557046979865 -0.15625
0.1033557046979865 -0.16051136363636365
0.09261744966442964 -0.1633522727272727
0.08724832214765099 -0.16619318181818177
0.07919463087248313 -0.16761363636363635
0.0738255033557047 -0.16619318181818177
0.07651006711409392 -0.16619318181818177
0.07919463087248313 -0.16619318181818177
0.07919463087248313 -0.1647727272727273
0.07919463087248313 -0.16193181818181823
0.07919463087248313 -0.16051136363636365
0.08456375838926178 -0.16193181818181823
0.08187919463087256 -0.16619318181818177
0.07651006711409392 -0.1647727272727273
0.0738255033557047 -0.16903409090909094
0.07114093959731549 -0.17471590909090906
0.07114093959731549 -0.17613636363636365
0.06577181208053684 -0.17471590909090906
0.06308724832214763 -0.171875
0.06577181208053684 -0.16761363636363635
0.07114093959731549 -0.1647727272727273
0.07919463087248313 -0.16051136363636365
0.08456375838926178 -0.1647727272727273
0.08456375838926178 -0.16193181818181823
0.08187919463087256 -0.16193181818181823
0.07919463087248313 -0.171875
0.07114093959731549 -0.16903409090909094
0.06845637583892628 -0.17045454545454541
0.07651006711409392 -0.17329545454545459
0.06577181208053684 -0.17471590909090906
0.0738255033557047 -0.16903409090909094
0.0738255033557047 -0.1647727272727273
0.08456375838926178 -0.16903409090909094
0.08187919463087256 -0.1633522727272727
0.09261744966442964 -0.1633522727272727
0.0899328859060402 -0.16193181818181823
0.0899328859060402 -0.16051136363636365
0.09261744966442964 -0.16619318181818177
0.08187919463087256 -0.16761363636363635
0.08187919463087256 -0.17329545454545459
0.0738255033557047 -0.17045454545454541
0.08456375838926178 -0.17329545454545459
0.07651006711409392 -0.17045454545454541
0.09261744966442964 -0.16761363636363635
0.09261744966442964 -0.1647727272727273
0.0899328859060402 -0.1633522727272727
0.09530201342281885 -0.16193181818181823
0.10604026845637593 -0.16193181818181823
0.10604026845637593 -0.1633522727272727
0.1033557046979865 -0.17045454545454541
0.09798657718120807 -0.17045454545454541
0.0899328859060402 -0.171875
0.0899328859060402 -0.17613636363636365
0.07114093959731549 -0.17329545454545459
0.08456375838926178 -0.16761363636363635
0.09261744966442964 -0.16903409090909094
0.0899328859060402 -0.1633522727272727
0.0899328859060402 -0.1633522727272727
0.09798657718120807 -0.16193181818181823
0.09798657718120807 -0.16619318181818177
0.09530201342281885 -0.16619318181818177
0.08456375838926178 -0.17045454545454541
0.07651006711409392 -0.17471590909090906
0.0738255033557047 -0.171875
0.07114093959731549 -0.17613636363636365
0.07114093959731549 -0.17329545454545459
0.06577181208053684 -0.17471590909090906
0.07114093959731549 -0.17329545454545459
0.07919463087248313 -0.17613636363636365
0.06845637583892628 -0.16903409090909094
0.07651006711409392 -0.16761363636363635
0.06845637583892628 -0.16761363636363635
0.06845637583892628 -0.17045454545454541
0.07114093959731549 -0.17329545454545459
0.06577181208053684 -0.18323863636363635
0.0577181208053692 -0.1803977272727273
0.0577181208053692 -0.18181818181818177
0.046979865771812124 -0.18323863636363635
0.05234899328859055 -0.1803977272727273
0.04429530201342291 -0.17755681818181823
0.046979865771812124 -0.17329545454545459
0.055033557046979764 -0.171875
0.0577181208053692 -0.17045454545454541
0.07114093959731549 -0.16761363636363635
0.0577181208053692 -0.17471590909090906
0.06040268456375841 -0.1789772727272727
0.0577181208053692 -0.1789772727272727
0.055033557046979764 -0.1789772727272727
0.05234899328859055 -0.1803977272727273
0.04966442953020134 -0.1803977272727273
0.04966442953020134 -0.18323863636363635
0.055033557046979764 -0.18181818181818177
0.06308724832214763 -0.17613636363636365
0.06577181208053684 -0.1803977272727273
0.06577181208053684 -0.17471590909090906
0.0738255033557047 -0.17755681818181823
0.06577181208053684 -0.17471590909090906
0.06845637583892628 -0.18181818181818177
0.06040268456375841 -0.18181818181818177
0.05234899328859055 -0.18181818181818177
0.04429530201342291 -0.18607954545454541
0.055033557046979764 -0.18465909090909094
0.05234899328859055 -0.18607954545454541
0.04966442953020134 -0.1789772727272727
0.05234899328859055 -0.1789772727272727
0.06040268456375841 -0.17471590909090906
0.06308724832214763 -0.17755681818181823
0.07114093959731549 -0.17471590909090906
0.06308724832214763 -0.17329545454545459
0.046979865771812124 -0.1789772727272727
0.05234899328859055 -0.18323863636363635
0.05234899328859055 -0.18465909090909094
0.05234899328859055 -0.1875
0.04429530201342291 -0.1875
0.04429530201342291 -0.18323863636363635
0.055033557046979764 -0.17755681818181823
0.05234899328859055 -0.17755681818181823
0.055033557046979764 -0.17613636363636365
0.06577181208053684 -0.17755681818181823
0.06308724832214763 -0.17613636363636365
0.0577181208053692 -0.18181818181818177
0.05234899328859055 -0.1789772727272727
0.0577181208053692 -0.18323863636363635
0.055033557046979764 -0.18607954545454541
0.046979865771812124 -0.18607954545454541
0.03892617449664426 -0.18465909090909094
0.05234899328859055 -0.18465909090909094
0.06040268456375841 -0.18181818181818177
0.0577181208053692 -0.17613636363636365
0.06308724832214763 -0.17613636363636365
0.07114093959731549 -0.17045454545454541
0.07114093959731549 -0.17613636363636365
0.06845637583892628 -0.17329545454545459
0.06308724832214763 -0.17329545454545459
0.06577181208053684 -0.1803977272727273
0.0577181208053692 -0.18607954545454541
0.05234899328859055 -0.18465909090909094
0.046979865771812124 -0.1875
0.046979865771812124 -0.18465909090909094
0.041610738255033475 -0.18181818181818177
0.06040268456375841 -0.17471590909090906
0.0577181208053692 -0.171875
0.05234899328859055 -0.171875
0.04966442953020134 -0.171875
0.04966442953020134 -0.17613636363636365
0.05234899328859055 -0.1803977272727273
0.04966442953020134 -0.1803977272727273
0.04429530201342291 -0.18323863636363635
0.03892617449664426 -0.18181818181818177
0.046979865771812124 -0.18465909090909094
0.041610738255033475 -0.18181818181818177
0.0577181208053692 -0.1789772727272727
0.06040268456375841 -0.1803977272727273
0.06040268456375841 -0.171875
0.06308724832214763 -0.17045454545454541
0.07114093959731549 -0.17613636363636365
0.07114093959731549 -0.17471590909090906
0.07114093959731549 -0.1789772727272727
0.06577181208053684 -0.1803977272727273
0.055033557046979764 -0.1789772727272727
0.05234899328859055 -0.18181818181818177
0.04429530201342291 -0.1803977272727273
0.05234899328859055 -0.18323863636363635
0.05234899328859055 -0.17613636363636365
0.06040268456375841 -0.17755681818181823
0.06308724832214763 -0.171875
0.06845637583892628 -0.17045454545454541
0.0738255033557047 -0.17471590909090906
0.07114093959731549 -0.171875
0.06845637583892628 -0.171875
0.06845637583892628 -0.1803977272727273
0.06040268456375841 -0.18181818181818177
0.06845637583892628 -0.1789772727272727
0.06308724832214763 -0.1803977272727273
0.06577181208053684 -0.17755681818181823
0.06577181208053684 -0.17613636363636365
0.06845637583892628 -0.17471590909090906
0.06845637583892628 -0.17045454545454541
0.06308724832214763 -0.17329545454545459
0.07919463087248313 -0.17329545454545459
0.08187919463087256 -0.171875
0.0738255033557047 -0.17755681818181823
0.06845637583892628 -0.1803977272727273
0.0738255033557047 -0.18323863636363635
0.06308724832214763 -0.18181818181818177
0.06040268456375841 -0.18181818181818177
0.06308724832214763 -0.17613636363636365
0.06040268456375841 -0.1789772727272727
0.06577181208053684 -0.171875
0.06308724832214763 -0.16619318181818177
0.07919463087248313 -0.16903409090909094
0.0738255033557047 -0.17045454545454541
0.07919463087248313 -0.171875
0.0738255033557047 -0.17329545454545459
0.07114093959731549 -0.17471590909090906
0.0577181208053692 -0.17755681818181823
0.06040268456375841 -0.1789772727272727
0.055033557046979764 -0.17755681818181823
0.0577181208053692 -0.17755681818181823
0.05234899328859055 -0.17329545454545459
0.06308724832214763 -0.17329545454545459
0.06040268456375841 -0.16903409090909094
0.0738255033557047 -0.16619318181818177
0.07651006711409392 -0.16903409090909094
0.06845637583892628 -0.16903409090909094
0.06308724832214763 -0.171875
0.06040268456375841 -0.17613636363636365
0.06577181208053684 -0.17613636363636365
0.0577181208053692 -0.17613636363636365
0.055033557046979764 -0.17613636363636365
0.055033557046979764 -0.17329545454545459
0.0577181208053692 -0.171875
0.06308724832214763 -0.16761363636363635
0.06577181208053684 -0.16761363636363635
0.06308724832214763 -0.16761363636363635
0.07114093959731549 -0.16761363636363635
0.07651006711409392 -0.16619318181818177
0.07651006711409392 -0.16619318181818177
0.07651006711409392 -0.16903409090909094
0.07919463087248313 -0.171875
0.08456375838926178 -0.171875
0.08724832214765099 -0.17471590909090906
0.08724832214765099 -0.17471590909090906
0.09530201342281885 -0.171875
0.1033557046979865 -0.16903409090909094
0.10872483221476514 -0.16903409090909094
0.11946308724832222 -0.1633522727272727
0.12214765100671143 -0.16193181818181823
0.12214765100671143 -0.15909090909090906
0.1328859060402685 -0.16193181818181823
0.12751677852348986 -0.15767045454545459
0.1302013422818793 -0.15909090909090906
0.13557046979865772 -0.15909090909090906
0.1328859060402685 -0.15767045454545459
0.1463087248322148 -0.1477272727272727
0.15436241610738266 -0.140625
0.1624161073825503 -0.13494318181818177
0.15167785234899323 -0.12926136363636365
0.148993288590604 -0.12073863636363635
0.1463087248322148 -0.12215909090909094
0.14362416107382558 -0.12642045454545459
0.13825503355704694 -0.125
0.13825503355704694 -0.12926136363636365
0.13557046979865772 -0.13494318181818177
0.12214765100671143 -0.13778409090909094
0.11677852348993278 -0.13494318181818177
0.10604026845637593 -0.13636363636363635
0.10067114093959728 -0.13636363636363635
0.10067114093959728 -0.13778409090909094
0.10067114093959728 -0.13494318181818177
0.09530201342281885 -0.13778409090909094
0.0899328859060402 -0.14204545454545459
0.09261744966442964 -0.14630681818181823
0.08187919463087256 -0.15198863636363635
0.07114093959731549 -0.15909090909090906
0.07651006711409392 -0.1647727272727273
0.06845637583892628 -0.1647727272727273
0.0577181208053692 -0.1633522727272727
0.06577181208053684 -0.16051136363636365
0.0577181208053692 -0.15909090909090906
0.055033557046979764 -0.15767045454545459
0.055033557046979764 -0.15198863636363635
0.0577181208053692 -0.15482954545454541
0.05234899328859055 -0.15909090909090906
0.06040268456375841 -0.15767045454545459
0.055033557046979764 -0.16193181818181823
0.046979865771812124 -0.16619318181818177
0.046979865771812124 -0.17045454545454541
0.041610738255033475 -0.16903409090909094
0.04966442953020134 -0.17329545454545459
0.04966442953020134 -0.171875
0.055033557046979764 -0.1647727272727273
0.05234899328859055 -0.16619318181818177
0.055033557046979764 -0.16619318181818177
0.06308724832214763 -0.1633522727272727
0.06577181208053684 -0.1647727272727273
0.0738255033557047 -0.16193181818181823
0.0738255033557047 -0.16193181818181823
0.06577181208053684 -0.1647727272727273
0.06577181208053684 -0.171875
0.06845637583892628 -0.16619318181818177
0.08187919463087256 -0.17045454545454541
0.12214765100671143 -0.1633522727272727
0.17046979865771816 -0.13636363636363635
0.22953020134228197 -0.09801136363636365
0.3073825503355705 -0.046875
0.3798657718120806 0.019886363636363535
0.4416107382550336 0.08238636363636354
0.48993288590604034 0.14346590909090917
0.4872483221476509 0.19318181818181812
0.4442953020134228 0.2272727272727273
0.3503355704697986 0.22017045454545459
0.22684563758389253 0.17755681818181812
0.0899328859060402 0.10227272727272729
-0.0442953020134228 0.009943181818181879
-0.16510067114093963 -0.09375
-0.22684563758389265 -0.1875
-0.24563758389261747 -0.24431818181818177
-0.19999999999999996 -0.25994318181818177
-0.148993288590604 -0.234375
-0.09530201342281874 -0.20454545454545459
-0.04966442953020134 -0.17471590909090906
-0.01744966442953022 -0.15767045454545459
-0.004026845637583931 -0.1491477272727273
0.012080536912751683 -0.1491477272727273
0.041610738255033475 -0.1491477272727273
0.0577181208053692 -0.15198863636363635
0.07919463087248313 -0.14630681818181823
0.09530201342281885 -0.14346590909090906
0.09261744966442964 -0.13778409090909094
0.09798657718120807 -0.13778409090909094
0.09798657718120807 -0.13920454545454541
0.10067114093959728 -0.140625
0.09261744966442964 -0.14488636363636365
0.0899328859060402 -0.15056818181818177
0.09530201342281885 -0.1477272727272727
0.09798657718120807 -0.15056818181818177
0.09798657718120807 -0.14346590909090906
0.09798657718120807 -0.140625
0.1033557046979865 -0.13920454545454541
0.11140939597315436 -0.13636363636363635
0.10872483221476514 -0.1321022727272727
0.11409395973154357 -0.1321022727272727
0.11677852348993278 -0.1335227272727273
0.12483221476510065 -0.13068181818181823
0.12214765100671143 -0.13494318181818177
0.10872483221476514 -0.1321022727272727
0.1033557046979865 -0.13636363636363635
0.11140939597315436 -0.13636363636363635
0.10067114093959728 -0.13494318181818177
0.11409395973154357 -0.13636363636363635
0.12214765100671143 -0.12926136363636365
0.12483221476510065 -0.125
0.12483221476510065 -0.12073863636363635
0.1328859060402685 -0.12357954545454541
0.1463087248322148 -0.12357954545454541
0.13825503355704694 -0.12357954545454541
0.13825503355704694 -0.125
0.13557046979865772 -0.12642045454545459
0.1328859060402685 -0.12357954545454541
0.13825503355704694 -0.125
0.13557046979865772 -0.125
0.14093959731543615 -0.12357954545454541
0.1463087248322148 -0.11505681818181823
0.15167785234899323 -0.11363636363636365
0.15704697986577187 -0.10653409090909094
0.1597315436241611 -0.10653409090909094
0.17046979865771816 -0.10511363636363635
0.17046979865771816 -0.10795454545454541
0.17315436241610738 -0.10511363636363635
0.17315436241610738 -0.10653409090909094
0.16510067114093951 -0.10653409090909094
0.15704697986577187 -0.10227272727272729
0.1624161073825503 -0.10227272727272729
0.16510067114093951 -0.09943181818181823
0.1785234899328858 -0.09090909090909094
0.18120805369127524 -0.08948863636363635
0.18389261744966445 -0.08522727272727271
0.19194630872483232 -0.078125
0.19731543624161074 -0.08380681818181823
0.19999999999999996 -0.08096590909090906
0.19731543624161074 -0.08948863636363635
0.19463087248322153 -0.08238636363636365
0.19999999999999996 -0.08664772727272729
0.19999999999999996 -0.08380681818181823
0.21610738255033568 -0.08096590909090906
0.2187919463087249 -0.07386363636363635
0.22953020134228197 -0.06534090909090906
0.24026845637583882 -0.05539772727272729
0.2510067114093959 -0.051136363636363646
0.2644295302013422 -0.048295454545454586
0.2778523489932887 -0.04119318181818177
0.2832214765100671 -0.03835227272727271
0.2832214765100671 -0.035511363636363646
0.2966442953020134 -0.03409090909090906
0.29932885906040263 -0.02840909090909094
0.3046979865771813 -0.029829545454545414
0.3046979865771813 -0.024147727272727293
0.3127516778523489 -0.017045454545454586
0.323489932885906 -0.008522727272727293
0.33422818791946307 0.0
0.353020134228188 0.008522727272727293
0.36375838926174486 0.01846590909090917
0.37449664429530194 0.02130681818181812
0.38791946308724823 0.022727272727272707
0.3932885906040269 0.024147727272727293
0.3932885906040269 0.026988636363636465
0.3986577181208053 0.02840909090909083
0.38791946308724823 0.02840909090909083
0.39060402684563766 0.032670454545454586
0.3959731543624161 0.032670454545454586
0.40671140939597317 0.03409090909090917
0.4120805369127516 0.03977272727272729
0.4093959731543624 0.04403409090909083
0.42281879194630867 0.046875
0.42281879194630867 0.042613636363636465
0.41744966442953024 0.03693181818181812
0.42281879194630867 0.03835227272727271
0.41744966442953024 0.03409090909090917
0.4093959731543624 0.024147727272727293
0.3986577181208053 0.024147727272727293
0.3959731543624161 0.02130681818181812
0.3825503355704698 0.017045454545454586
0.3825503355704698 0.017045454545454586
0.385234899328859 0.017045454545454586
0.3691275167785235 0.015625
0.3664429530201343 0.011363636363636465
0.36107382550335565 0.0
0.34228187919463093 -0.017045454545454586
0.3208053691275168 -0.01846590909090906
0.31543624161073835 -0.026988636363636354
0.291275167785235 -0.035511363636363646
0.27248322147651005 -0.046875
0.25906040268456376 -0.051136363636363646
0.24563758389261747 -0.0625
0.2348993288590604 -0.05965909090909094
0.22953020134228197 -0.06392045454545459
0.21342281879194624 -0.07102272727272729
0.20805369127516782 -0.07386363636363635
0.20268456375838917 -0.08238636363636365
0.19463087248322153 -0.09090909090909094
0.18389261744966445 -0.09659090909090906
0.1758389261744966 -0.10653409090909094
0.15704697986577187 -0.11221590909090906
0.148993288590604 -0.11647727272727271
0.13557046979865772 -0.11931818181818177
0.13557046979865772 -0.12357954545454541
0.1302013422818793 -0.12357954545454541
0.1328859060402685 -0.12073863636363635
0.13557046979865772 -0.11647727272727271
0.14093959731543615 -0.11789772727272729
0.13557046979865772 -0.12357954545454541
0.13825503355704694 -0.12642045454545459
0.12751677852348986 -0.12357954545454541
0.12214765100671143 -0.13068181818181823
0.11140939597315436 -0.12784090909090906
0.11677852348993278 -0.12926136363636365
0.12214765100671143 -0.12784090909090906
0.11409395973154357 -0.125
0.10872483221476514 -0.12073863636363635
0.11140939597315436 -0.11931818181818177
0.12214765100671143 -0.11789772727272729
0.12214765100671143 -0.11789772727272729
0.12483221476510065 -0.11647727272727271
0.12483221476510065 -0.12073863636363635
0.12483221476510065 -0.12926136363636365
0.12214765100671143 -0.13068181818181823
0.11409395973154357 -0.1335227272727273
0.11946308724832222 -0.12784090909090906
0.11409395973154357 -0.13068181818181823
0.11409395973154357 -0.12357954545454541
0.11946308724832222 -0.12357954545454541
0.11946308724832222 -0.12215909090909094
0.12483221476510065 -0.11647727272727271
0.1328859060402685 -0.11363636363636365
0.13557046979865772 -0.11505681818181823
0.12751677852348986 -0.12073863636363635
0.1302013422818793 -0.12215909090909094
0.12751677852348986 -0.12357954545454541
0.11409395973154357 -0.12642045454545459
0.11677852348993278 -0.12642045454545459
0.10604026845637593 -0.12642045454545459
0.11946308724832222 -0.125
0.11946308724832222 -0.12073863636363635
0.12751677852348986 -0.12215909090909094
0.12751677852348986 -0.11647727272727271
0.1328859060402685 -0.11079545454545459
0.13557046979865772 -0.11079545454545459
0.13825503355704694 -0.11647727272727271
0.1302013422818793 -0.11931818181818177
0.12751677852348986 -0.12215909090909094
0.12751677852348986 -0.125
0.12214765100671143 -0.11931818181818177
0.11677852348993278 -0.12073863636363635
0.11677852348993278 -0.125
0.11677852348993278 -0.12073863636363635
0.12751677852348986 -0.11647727272727271
0.12214765100671143 -0.11079545454545459
0.13557046979865772 -0.11221590909090906
0.13557046979865772 -0.11363636363636365
0.1328859060402685 -0.11505681818181823
0.1302013422818793 -0.11363636363636365
0.12214765100671143 -0.11789772727272729
0.11946308724832222 -0.12215909090909094
0.10604026845637593 -0.11931818181818177
0.10604026845637593 -0.12357954545454541
0.10872483221476514 -0.12215909090909094
0.1033557046979865 -0.12073863636363635
0.11677852348993278 -0.11647727272727271
0.11946308724832222 -0.11363636363636365
0.12483221476510065 -0.11221590909090906
0.12483221476510065 -0.11505681818181823
0.12483221476510065 -0.12073863636363635
0.12214765100671143 -0.11931818181818177
0.11946308724832222 -0.12073863636363635
0.11677852348993278 -0.12215909090909094
0.10067114093959728 -0.12357954545454541
0.1033557046979865 -0.12784090909090906
0.09261744966442964 -0.12642045454545459
0.09798657718120807 -0.12642045454545459
0.09798657718120807 -0.12215909090909094
0.10872483221476514 -0.11789772727272729
0.11409395973154357 -0.11789772727272729
0.12214765100671143 -0.11931818181818177
0.11140939597315436 -0.11505681818181823
0.11677852348993278 -0.12215909090909094
0.1033557046979865 -0.12642045454545459
0.10067114093959728 -0.12642045454545459
0.0899328859060402 -0.12642045454545459
0.08724832214765099 -0.1335227272727273
0.07919463087248313 -0.12642045454545459
0.08724832214765099 -0.125
0.09530201342281885 -0.11647727272727271
0.09530201342281885 -0.12073863636363635
0.10604026845637593 -0.11505681818181823
0.10872483221476514 -0.11789772727272729
0.1033557046979865 -0.11647727272727271
0.10604026845637593 -0.12357954545454541
0.10067114093959728 -0.125
0.09261744966442964 -0.12784090909090906
0.09261744966442964 -0.12926136363636365
0.08456375838926178 -0.13068181818181823
0.07919463087248313 -0.13068181818181823
0.08456375838926178 -0.125
0.09261744966442964 -0.12357954545454541
0.09798657718120807 -0.12215909090909094
0.1033557046979865 -0.11647727272727271
0.1033557046979865 -0.11647727272727271
0.09798657718120807 -0.12784090909090906
0.1033557046979865 -0.125
0.10067114093959728 -0.125
0.09530201342281885 -0.12926136363636365
0.09530201342281885 -0.12642045454545459
0.09261744966442964 -0.13068181818181823
0.09261744966442964 -0.12784090909090906
0.10067114093959728 -0.12642045454545459
0.09798657718120807 -0.12357954545454541
0.1033557046979865 -0.12215909090909094
0.10604026845637593 -0.11789772727272729
0.1033557046979865 -0.11931818181818177
0.1033557046979865 -0.12073863636363635
0.10604026845637593 -0.125
0.1033557046979865 -0.1335227272727273
0.1033557046979865 -0.13636363636363635
0.1033557046979865 -0.13778409090909094
0.0899328859060402 -0.13920454545454541
0.07919463087248313 -0.140625
0.08724832214765099 -0.13494318181818177
0.10067114093959728 -0.13068181818181823
0.09530201342281885 -0.12642045454545459
0.10604026845637593 -0.12642045454545459
0.11140939597315436 -0.12784090909090906
0.10604026845637593 -0.12926136363636365
0.11140939597315436 -0.1335227272727273
0.10604026845637593 -0.13494318181818177
0.09798657718120807 -0.1335227272727273
0.09261744966442964 -0.13778409090909094
0.09261744966442964 -0.13920454545454541
0.09798657718120807 -0.13636363636363635
0.09261744966442964 -0.13778409090909094
0.09530201342281885 -0.13494318181818177
0.10067114093959728 -0.12784090909090906
0.1033557046979865 -0.13068181818181823
0.10604026845637593 -0.12784090909090906
0.11677852348993278 -0.1321022727272727
0.10067114093959728 -0.13494318181818177
0.10067114093959728 -0.13778409090909094
0.09798657718120807 -0.13636363636363635
0.09261744966442964 -0.13636363636363635
0.08724832214765099 -0.14488636363636365
0.09261744966442964 -0.140625
0.0899328859060402 -0.13778409090909094
0.09530201342281885 -0.1335227272727273
0.0899328859060402 -0.13068181818181823
0.10067114093959728 -0.12926136363636365
0.10067114093959728 -0.12642045454545459
0.10067114093959728 -0.12642045454545459
0.10067114093959728 -0.1321022727272727
0.09798657718120807 -0.13068181818181823
0.0899328859060402 -0.13636363636363635
0.09530201342281885 -0.13636363636363635
0.0899328859060402 -0.13920454545454541
0.0899328859060402 -0.1335227272727273
0.0899328859060402 -0.13068181818181823
0.09261744966442964 -0.13068181818181823
0.09798657718120807 -0.125
0.10604026845637593 -0.125
0.10872483221476514 -0.12642045454545459
0.10872483221476514 -0.125
0.09530201342281885 -0.1335227272727273
0.09261744966442964 -0.13494318181818177
0.09530201342281885 -0.13778409090909094
0.09530201342281885 -0.13494318181818177
0.09530201342281885 -0.13920454545454541
0.09261744966442964 -0.1321022727272727
0.10067114093959728 -0.12926136363636365
0.10604026845637593 -0.13068181818181823
0.10604026845637593 -0.12784090909090906
0.11409395973154357 -0.12642045454545459
0.11677852348993278 -0.12784090909090906
0.1033557046979865 -0.12784090909090906
0.10872483221476514 -0.12784090909090906
0.11409395973154357 -0.13494318181818177
0.11140939597315436 -0.13778409090909094
0.1033557046979865 -0.13778409090909094
0.10067114093959728 -0.13778409090909094
0.09798657718120807 -0.13778409090909094
0.09530201342281885 -0.13068181818181823
0.09798657718120807 -0.12926136363636365
0.10604026845637593 -0.125
0.10872483221476514 -0.11931818181818177
0.11140939597315436 -0.12357954545454541
0.11140939597315436 -0.12926136363636365
0.11140939597315436 -0.12926136363636365
0.10872483221476514 -0.13636363636363635
0.11677852348993278 -0.1321022727272727
0.10067114093959728 -0.13636363636363635
0.09798657718120807 -0.13778409090909094
0.09530201342281885 -0.13636363636363635
0.10067114093959728 -0.1321022727272727
0.10067114093959728 -0.12784090909090906
0.11140939597315436 -0.125
0.11677852348993278 -0.12357954545454541
0.11409395973154357 -0.12784090909090906
0.12214765100671143 -0.12784090909090906
0.11677852348993278 -0.13068181818181823
0.11140939597315436 -0.1335227272727273
0.10872483221476514 -0.13494318181818177
0.1033557046979865 -0.13494318181818177
0.10872483221476514 -0.13068181818181823
0.10872483221476514 -0.140625
0.11140939597315436 -0.1321022727272727
0.11946308724832222 -0.12926136363636365
0.11409395973154357 -0.1321022727272727
0.11946308724832222 -0.12642045454545459
0.11677852348993278 -0.12784090909090906
0.11946308724832222 -0.12926136363636365
0.12751677852348986 -0.1335227272727273
0.12214765100671143 -0.13636363636363635
0.11946308724832222 -0.13636363636363635
0.11677852348993278 -0.13778409090909094
0.12483221476510065 -0.140625
0.12751677852348986 -0.14204545454545459
0.1328859060402685 -0.13636363636363635
0.1463087248322148 -0.13494318181818177
0.14362416107382558 -0.1321022727272727
0.15704697986577187 -0.1321022727272727
0.1624161073825503 -0.13068181818181823
0.1624161073825503 -0.13068181818181823
0.17046979865771816 -0.12926136363636365
0.1785234899328858 -0.13068181818181823
0.18389261744966445 -0.1321022727272727
0.18657718120805367 -0.12784090909090906
0.18657718120805367 -0.11931818181818177
0.19463087248322153 -0.109375
0.19731543624161074 -0.10511363636363635
0.18926174496644288 -0.09659090909090906
0.19463087248322153 -0.09659090909090906
0.19463087248322153 -0.09375
0.19194630872483232 -0.09232954545454541
0.18389261744966445 -0.09517045454545459
0.1785234899328858 -0.09801136363636365
0.1785234899328858 -0.09943181818181823
0.17315436241610738 -0.10369318181818177
0.15436241610738266 -0.10511363636363635
0.14093959731543615 -0.10653409090909094
0.13825503355704694 -0.10795454545454541
0.13557046979865772 -0.10795454545454541
0.1302013422818793 -0.11647727272727271
0.12751677852348986 -0.11363636363636365
0.1302013422818793 -0.11789772727272729
0.1328859060402685 -0.12357954545454541
0.1328859060402685 -0.12215909090909094
0.12751677852348986 -0.12642045454545459
0.12214765100671143 -0.12926136363636365
0.11140939597315436 -0.13636363636363635
0.11140939597315436 -0.13920454545454541
0.1033557046979865 -0.13494318181818177
0.10067114093959728 -0.140625
0.1033557046979865 -0.1335227272727273
0.1033557046979865 -0.13494318181818177
0.10067114093959728 -0.13494318181818177
0.10872483221476514 -0.1335227272727273
0.11409395973154357 -0.1335227272727273
0.10067114093959728 -0.13920454545454541
0.11409395973154357 -0.13920454545454541
0.10872483221476514 -0.14204545454545459
0.10604026845637593 -0.1491477272727273
0.09798657718120807 -0.1477272727272727
0.09261744966442964 -0.14630681818181823
0.09530201342281885 -0.14204545454545459
0.10067114093959728 -0.14204545454545459
0.09798657718120807 -0.13920454545454541
0.10067114093959728 -0.13494318181818177
0.11946308724832222 -0.1321022727272727
0.12751677852348986 -0.13068181818181823
0.12214765100671143 -0.13494318181818177
0.11946308724832222 -0.1321022727272727
0.11409395973154357 -0.140625
0.11140939597315436 -0.13920454545454541
0.11409395973154357 -0.14488636363636365
0.12483221476510065 -0.1477272727272727
0.15704697986577187 -0.13494318181818177
0.2053691275167786 -0.11647727272727271
0.25369127516778534 -0.08806818181818177
0.3261744966442952 -0.042613636363636354
0.3959731543624161 0.009943181818181879
0.47651006711409405 0.06392045454545459
0.5409395973154363 0.125
0.5785234899328859 0.18181818181818188
0.5812080536912752 0.23579545454545459
0.5516778523489934 0.2727272727272727
0.4711409395973154 0.29403409090909083
0.3664429530201343 0.2642045454545454
0.24026845637583882 0.20454545454545459
0.09798657718120807 0.11931818181818188
-0.03624161073825505 0.011363636363636465
-0.12483221476510065 -0.09090909090909094
-0.1758389261744966 -0.17045454545454541
-0.1624161073825503 -0.2102272727272727
-0.11946308724832211 -0.20454545454545459
-0.06308724832214763 -0.1803977272727273
-0.01744966442953022 -0.1491477272727273
0.025503355704697972 -0.12926136363636365
0.05234899328859055 -0.11931818181818177
0.07114093959731549 -0.12073863636363635
0.09798657718120807 -0.12215909090909094
0.11140939597315436 -0.12784090909090906
0.1302013422818793 -0.13068181818181823
0.1328859060402685 -0.13068181818181823
0.14362416107382558 -0.12926136363636365
0.13825503355704694 -0.12926136363636365
0.1328859060402685 -0.1321022727272727
0.12751677852348986 -0.13636363636363635
0.11946308724832222 -0.14204545454545459
0.12751677852348986 -0.13920454545454541
0.1302013422818793 -0.13920454545454541
0.12751677852348986 -0.140625
0.1328859060402685 -0.14204545454545459
0.12751677852348986 -0.13636363636363635
0.12751677852348986 -0.12784090909090906
0.13557046979865772 -0.12926136363636365
0.14362416107382558 -0.125
0.15704697986577187 -0.1321022727272727
0.1463087248322148 -0.13068181818181823
0.15167785234899323 -0.12926136363636365
0.15167785234899323 -0.12926136363636365
0.15167785234899323 -0.13068181818181823
0.1463087248322148 -0.13068181818181823
0.1463087248322148 -0.12926136363636365
0.15167785234899323 -0.12784090909090906
0.148993288590604 -0.12784090909090906
0.15704697986577187 -0.12357954545454541
0.16510067114093951 -0.12073863636363635
0.17046979865771816 -0.12357954545454541
0.16778523489932895 -0.11931818181818177
0.16778523489932895 -0.11931818181818177
0.17046979865771816 -0.11931818181818177
0.16778523489932895 -0.12215909090909094
0.16778523489932895 -0.12642045454545459
0.1624161073825503 -0.12784090909090906
0.15436241610738266 -0.12073863636363635
0.1624161073825503 -0.125
0.1597315436241611 -0.12357954545454541
0.16778523489932895 -0.11931818181818177
0.17315436241610738 -0.11789772727272729
0.17315436241610738 -0.11079545454545459
0.1758389261744966 -0.109375
0.18120805369127524 -0.11221590909090906
0.18389261744966445 -0.10511363636363635
0.18120805369127524 -0.109375
0.18120805369127524 -0.109375
0.1758389261744966 -0.11647727272727271
0.17315436241610738 -0.11505681818181823
0.1758389261744966 -0.11079545454545459
0.1785234899328858 -0.10795454545454541
0.18926174496644288 -0.09943181818181823
0.19731543624161074 -0.09232954545454541
0.19731543624161074 -0.09517045454545459
0.20805369127516782 -0.09375
0.21073825503355703 -0.08522727272727271
0.2187919463087249 -0.09375
0.21610738255033568 -0.08664772727272729
0.22416107382550332 -0.08806818181818177
0.21342281879194624 -0.08096590909090906
0.2214765100671141 -0.08522727272727271
0.23221476510067118 -0.078125
0.22953020134228197 -0.07244318181818177
0.24295302013422826 -0.07102272727272729
0.25637583892617455 -0.0625
0.25637583892617455 -0.05539772727272729
0.27248322147651005 -0.05539772727272729
0.27248322147651005 -0.05681818181818177
0.2805369127516779 -0.05397727272727271
0.28859060402684555 -0.05681818181818177
0.28859060402684555 -0.05397727272727271
0.2939597315436242 -0.05255681818181823
0.2939597315436242 -0.046875
0.30201342281879184 -0.042613636363636354
0.3073825503355705 -0.03409090909090906
0.32885906040268464 -0.02840909090909094
0.32885906040268464 -0.021306818181818232
0.3503355704697986 -0.015625
0.3557046979865772 -0.011363636363636354
0.36107382550335565 -0.01278409090909094
0.3691275167785235 -0.0042613636363636465
0.3664429530201343 -0.007102272727272707
0.3718120805369127 -0.005681818181818232
0.3718120805369127 -0.005681818181818232
0.3798657718120806 -0.0014204545454545858
0.3798657718120806 0.0
0.39060402684563766 0.0042613636363635354
0.3986577181208053 0.007102272727272707
0.3986577181208053 0.009943181818181879
0.3986577181208053 0.011363636363636465
0.4120805369127516 0.008522727272727293
0.40671140939597317 0.014204545454545414
0.41476510067114103 0.005681818181818121
0.3986577181208053 0.0028409090909091717
0.3959731543624161 -0.0028409090909090606
0.3932885906040269 -0.005681818181818232
0.38791946308724823 -0.0042613636363636465
0.38791946308724823 -0.009943181818181768
0.3771812080536914 -0.014204545454545414
0.3718120805369127 -0.01278409090909094
0.36107382550335565 -0.017045454545454586
0.36107382550335565 -0.019886363636363646
0.34496644295302015 -0.03125
0.32885906040268464 -0.03977272727272729
0.323489932885906 -0.048295454545454586
0.2966442953020134 -0.05255681818181823
0.28590604026845634 -0.06534090909090906
0.2644295302013422 -0.07102272727272729
0.24295302013422826 -0.07954545454545459
0.2348993288590604 -0.08522727272727271
0.22684563758389253 -0.08522727272727271
0.2187919463087249 -0.09375
0.2053691275167786 -0.09801136363636365
0.19194630872483232 -0.09943181818181823
0.18389261744966445 -0.10369318181818177
0.1758389261744966 -0.11079545454545459
0.16778523489932895 -0.11931818181818177
0.15704697986577187 -0.125
0.15436241610738266 -0.13494318181818177
0.14093959731543615 -0.13636363636363635
0.13557046979865772 -0.14204545454545459
0.11677852348993278 -0.13920454545454541
0.11946308724832222 -0.14204545454545459
0.12214765100671143 -0.14204545454545459
0.12214765100671143 -0.13920454545454541
0.12214765100671143 -0.14204545454545459
0.12751677852348986 -0.14346590909090906
0.11677852348993278 -0.1491477272727273
0.12214765100671143 -0.1491477272727273
0.11677852348993278 -0.15625
0.10604026845637593 -0.16193181818181823
0.10067114093959728 -0.15909090909090906
0.07919463087248313 -0.15909090909090906
0.0899328859060402 -0.15909090909090906
0.0899328859060402 -0.16051136363636365
0.09530201342281885 -0.15909090909090906
0.10067114093959728 -0.15625
0.10604026845637593 -0.15198863636363635
0.11409395973154357 -0.15625
0.11140939597315436 -0.16051136363636365
0.10604026845637593 -0.16051136363636365
0.1033557046979865 -0.16051136363636365
0.0899328859060402 -0.16619318181818177
0.10067114093959728 -0.16903409090909094
0.09798657718120807 -0.16903409090909094
0.09798657718120807 -0.16903409090909094
0.09530201342281885 -0.16051136363636365
0.09530201342281885 -0.1633522727272727
0.09798657718120807 -0.15482954545454541
0.1033557046979865 -0.15056818181818177
0.11677852348993278 -0.1491477272727273
0.11409395973154357 -0.15340909090909094
0.11140939597315436 -0.15056818181818177
0.10604026845637593 -0.16051136363636365
0.09261744966442964 -0.16051136363636365
0.10604026845637593 -0.1633522727272727
0.09530201342281885 -0.16193181818181823
0.09798657718120807 -0.15767045454545459
0.10067114093959728 -0.15909090909090906
0.10067114093959728 -0.15056818181818177
0.10872483221476514 -0.15767045454545459
0.11409395973154357 -0.15482954545454541
0.11409395973154357 -0.15767045454545459
0.11677852348993278 -0.16051136363636365
0.11677852348993278 -0.15767045454545459
0.11409395973154357 -0.16051136363636365
0.10872483221476514 -0.16761363636363635
0.09798657718120807 -0.1647727272727273
0.09530201342281885 -0.16619318181818177
0.09798657718120807 -0.1647727272727273
0.09261744966442964 -0.16051136363636365
0.09261744966442964 -0.16051136363636365
0.10067114093959728 -0.15909090909090906
0.11140939597315436 -0.15767045454545459
0.11409395973154357 -0.15909090909090906
0.10872483221476514 -0.16051136363636365
0.1033557046979865 -0.16193181818181823
0.10067114093959728 -0.16761363636363635
0.0899328859060402 -0.16761363636363635
0.08724832214765099 -0.16619318181818177
0.08724832214765099 -0.16761363636363635
0.08456375838926178 -0.16619318181818177
0.08456375838926178 -0.1647727272727273
0.09530201342281885 -0.1647727272727273
0.0899328859060402 -0.16619318181818177
0.09261744966442964 -0.16193181818181823
0.09530201342281885 -0.1633522727272727
0.09530201342281885 -0.16619318181818177
0.09798657718120807 -0.16619318181818177
0.08456375838926178 -0.16903409090909094
0.08724832214765099 -0.17613636363636365
0.07919463087248313 -0.17471590909090906
0.07651006711409392 -0.17613636363636365
0.07651006711409392 -0.17471590909090906
0.06845637583892628 -0.16903409090909094
0.07919463087248313 -0.16903409090909094
0.07919463087248313 -0.17045454545454541
0.08187919463087256 -0.1647727272727273
0.08187919463087256 -0.16193181818181823
0.07919463087248313 -0.16619318181818177
0.07919463087248313 -0.16761363636363635
0.07919463087248313 -0.171875
0.0738255033557047 -0.17329545454545459
0.06308724832214763 -0.17471590909090906
0.06577181208053684 -0.17755681818181823
0.06040268456375841 -0.17471590909090906
0.06308724832214763 -0.17471590909090906
0.06308724832214763 -0.16903409090909094
0.07114093959731549 -0.16903409090909094
0.07919463087248313 -0.1647727272727273
0.08456375838926178 -0.16903409090909094
0.07651006711409392 -0.16619318181818177
0.07919463087248313 -0.1647727272727273
0.07651006711409392 -0.17613636363636365
0.06308724832214763 -0.17755681818181823
0.06040268456375841 -0.1789772727272727
0.0577181208053692 -0.1789772727272727
0.06040268456375841 -0.17471590909090906
0.05234899328859055 -0.17755681818181823
0.055033557046979764 -0.17471590909090906
0.06577181208053684 -0.171875
0.08187919463087256 -0.171875
0.06577181208053684 -0.16903409090909094
0.07114093959731549 -0.17329545454545459
0.06308724832214763 -0.17329545454545459
0.0577181208053692 -0.17755681818181823
0.06040268456375841 -0.1789772727272727
0.055033557046979764 -0.18181818181818177
0.04966442953020134 -0.1789772727272727
0.055033557046979764 -0.18323863636363635
0.04966442953020134 -0.17613636363636365
0.0577181208053692 -0.17613636363636365
0.06577181208053684 -0.17613636363636365
0.06577181208053684 -0.17045454545454541
0.06845637583892628 -0.17613636363636365
0.06845637583892628 -0.17613636363636365
0.06040268456375841 -0.17471590909090906
0.06040268456375841 -0.18181818181818177
0.055033557046979764 -0.18181818181818177
0.055033557046979764 -0.18323863636363635
0.05234899328859055 -0.18607954545454541
0.05234899328859055 -0.18323863636363635
0.04966442953020134 -0.18181818181818177
0.0577181208053692 -0.18323863636363635
0.0577181208053692 -0.17329545454545459
0.06845637583892628 -0.17755681818181823
0.06040268456375841 -0.17471590909090906
0.06577181208053684 -0.17329545454545459
0.06845637583892628 -0.17755681818181823
0.06577181208053684 -0.18323863636363635
0.055033557046979764 -0.18892045454545459
0.04966442953020134 -0.18607954545454541
0.046979865771812124 -0.1875
0.04966442953020134 -0.18181818181818177
0.04966442953020134 -0.18181818181818177
0.05234899328859055 -0.17613636363636365
0.055033557046979764 -0.18181818181818177
0.0577181208053692 -0.1789772727272727
0.06308724832214763 -0.17755681818181823
0.06040268456375841 -0.17755681818181823
0.055033557046979764 -0.17471590909090906
0.055033557046979764 -0.18181818181818177
0.05234899328859055 -0.1875
0.04429530201342291 -0.18181818181818177
0.041610738255033475 -0.18607954545454541
0.03087248322147662 -0.18323863636363635
0.041610738255033475 -0.18323863636363635
0.046979865771812124 -0.1803977272727273
0.046979865771812124 -0.1789772727272727
0.055033557046979764 -0.17471590909090906
0.0577181208053692 -0.17613636363636365
0.0577181208053692 -0.17613636363636365
0.055033557046979764 -0.18181818181818177
0.055033557046979764 -0.18181818181818177
0.04429530201342291 -0.1803977272727273
0.033557046979865834 -0.18607954545454541
0.041610738255033475 -0.18465909090909094
0.03892617449664426 -0.18607954545454541
0.03892617449664426 -0.18181818181818177
0.046979865771812124 -0.17613636363636365
0.033557046979865834 -0.17755681818181823
0.041610738255033475 -0.171875
0.05234899328859055 -0.17755681818181823
0.05234899328859055 -0.17613636363636365
0.05234899328859055 -0.18181818181818177
0.04429530201342291 -0.1803977272727273
0.046979865771812124 -0.1875
0.03624161073825505 -0.18607954545454541
0.03087248322147662 -0.1875
0.03087248322147662 -0.18465909090909094
0.03892617449664426 -0.17613636363636365
0.03892617449664426 -0.17755681818181823
0.046979865771812124 -0.17471590909090906
0.04966442953020134 -0.171875
0.04966442953020134 -0.17471590909090906
0.04966442953020134 -0.17613636363636365
0.046979865771812124 -0.17755681818181823
0.03892617449664426 -0.1789772727272727
0.03624161073825505 -0.1875
0.041610738255033475 -0.18607954545454541
0.028187919463087185 -0.1875
0.033557046979865834 -0.18323863636363635
0.03624161073825505 -0.18323863636363635
0.041610738255033475 -0.17471590909090906
0.046979865771812124 -0.17471590909090906
0.05234899328859055 -0.17329545454545459
0.04966442953020134 -0.17755681818181823
0.055033557046979764 -0.17471590909090906
0.055033557046979764 -0.1789772727272727
0.05234899328859055 -0.17613636363636365
0.05234899328859055 -0.18607954545454541
0.046979865771812124 -0.18323863636363635
0.03892617449664426 -0.18465909090909094
0.03624161073825505 -0.18181818181818177
0.03624161073825505 -0.17755681818181823
0.04429530201342291 -0.17755681818181823
0.05234899328859055 -0.17471590909090906
0.04966442953020134 -0.17329545454545459
0.05234899328859055 -0.17045454545454541
0.055033557046979764 -0.171875
0.05234899328859055 -0.17613636363636365
0.04966442953020134 -0.1803977272727273
0.046979865771812124 -0.17755681818181823
0.041610738255033475 -0.18607954545454541
0.033557046979865834 -0.18465909090909094
0.03087248322147662 -0.17471590909090906
0.03624161073825505 -0.17329545454545459
0.041610738255033475 -0.17471590909090906
0.03892617449664426 -0.17329545454545459
0.046979865771812124 -0.17329545454545459
0.05234899328859055 -0.171875
0.04966442953020134 -0.17329545454545459
0.04966442953020134 -0.17471590909090906
0.046979865771812124 -0.17613636363636365
0.04429530201342291 -0.17471590909090906
0.041610738255033475 -0.1803977272727273
0.041610738255033475 -0.17755681818181823
0.04429530201342291 -0.17471590909090906
0.041610738255033475 -0.17755681818181823
0.046979865771812124 -0.17045454545454541
0.055033557046979764 -0.171875
0.05234899328859055 -0.17045454545454541
0.06577181208053684 -0.16619318181818177
0.055033557046979764 -0.16903409090909094
0.055033557046979764 -0.17045454545454541
0.055033557046979764 -0.17755681818181823
0.055033557046979764 -0.17471590909090906
0.06308724832214763 -0.1803977272727273
0.06040268456375841 -0.18181818181818177
0.06040268456375841 -0.1803977272727273
0.06845637583892628 -0.17613636363636365
0.0738255033557047 -0.16903409090909094
0.07651006711409392 -0.16619318181818177
0.08187919463087256 -0.16619318181818177
0.09530201342281885 -0.16193181818181823
0.10067114093959728 -0.15909090909090906
0.10604026845637593 -0.16193181818181823
0.10872483221476514 -0.15625
0.11677852348993278 -0.15625
0.11946308724832222 -0.16051136363636365
0.11409395973154357 -0.15625
0.11677852348993278 -0.1491477272727273
0.11946308724832222 -0.14346590909090906
0.11140939597315436 -0.13778409090909094
0.11677852348993278 -0.13068181818181823
0.10604026845637593 -0.13068181818181823
0.11140939597315436 -0.13068181818181823
0.1033557046979865 -0.13494318181818177
0.10067114093959728 -0.1321022727272727
0.10067114093959728 -0.140625
0.08187919463087256 -0.140625
0.07114093959731549 -0.14346590909090906
0.06308724832214763 -0.14630681818181823
0.06308724832214763 -0.14630681818181823
0.0577181208053692 -0.1477272727272727
0.055033557046979764 -0.14630681818181823
0.05234899328859055 -0.14630681818181823
0.05234899328859055 -0.1477272727272727
0.04966442953020134 -0.15198863636363635
0.04429530201342291 -0.15767045454545459
0.046979865771812124 -0.15909090909090906
0.04429530201342291 -0.1633522727272727
0.041610738255033475 -0.1633522727272727
0.03624161073825505 -0.16619318181818177
0.03624161073825505 -0.17045454545454541
0.025503355704697972 -0.16619318181818177
0.028187919463087185 -0.16761363636363635
0.03087248322147662 -0.1647727272727273
0.03624161073825505 -0.1633522727272727
0.03892617449664426 -0.15909090909090906
0.046979865771812124 -0.15767045454545459
0.03892617449664426 -0.1633522727272727
0.04429530201342291 -0.1633522727272727
0.03624161073825505 -0.1647727272727273
0.025503355704697972 -0.1647727272727273
0.028187919463087185 -0.16619318181818177
0.025503355704697972 -0.16903409090909094
0.02281879194630876 -0.16619318181818177
0.020134228187919545 -0.16903409090909094
0.028187919463087185 -0.1647727272727273
0.03892617449664426 -0.16193181818181823
0.04429530201342291 -0.16051136363636365
0.05234899328859055 -0.15625
0.04966442953020134 -0.16193181818181823
0.055033557046979764 -0.16193181818181823
0.04966442953020134 -0.16619318181818177
0.06577181208053684 -0.16619318181818177
0.09798657718120807 -0.1491477272727273
0.148993288590604 -0.12784090909090906
0.20805369127516782 -0.08806818181818177
0.2832214765100671 -0.03835227272727271
0.3664429530201343 0.024147727272727293
0.44697986577181203 0.08664772727272729
0.508724832214765 0.15198863636363646
0.5302013422818792 0.20738636363636354
0.5167785234899329 0.26278409090909083
0.4604026845637583 0.27840909090909083
0.36107382550335565 0.26988636363636354
0.2375838926174496 0.22017045454545459
0.09798657718120807 0.14346590909090917
-0.020134228187919434 0.046875
-0.14362416107382547 -0.05681818181818177
-0.21342281879194636 -0.14346590909090906
-0.2214765100671141 -0.1946022727272727
-0.18657718120805367 -0.20596590909090906
-0.13825503355704694 -0.18892045454545459
-0.08187919463087245 -0.15909090909090906
-0.0442953020134228 -0.13920454545454541
-0.014765100671140896 -0.12784090909090906
0.00939597315436247 -0.125
0.02281879194630876 -0.1321022727272727
0.025503355704697972 -0.13920454545454541
0.041610738255033475 -0.14346590909090906
0.03892617449664426 -0.14204545454545459
0.046979865771812124 -0.140625
0.055033557046979764 -0.13636363636363635
0.05234899328859055 -0.13778409090909094
0.06577181208053684 -0.1335227272727273
0.06845637583892628 -0.1335227272727273
0.06845637583892628 -0.1321022727272727
0.06040268456375841 -0.1335227272727273
0.06308724832214763 -0.13636363636363635
0.0577181208053692 -0.13920454545454541
0.04966442953020134 -0.14346590909090906
0.04966442953020134 -0.140625
0.0577181208053692 -0.1335227272727273
0.05234899328859055 -0.13778409090909094
0.06845637583892628 -0.12784090909090906
0.0738255033557047 -0.1321022727272727
0.08456375838926178 -0.12642045454545459
0.09261744966442964 -0.12784090909090906
0.08187919463087256 -0.12642045454545459
0.08724832214765099 -0.12784090909090906
0.08456375838926178 -0.13068181818181823
0.07114093959731549 -0.12642045454545459
0.07651006711409392 -0.12642045454545459
0.06845637583892628 -0.13068181818181823
0.06577181208053684 -0.125
0.0738255033557047 -0.12215909090909094
0.07919463087248313 -0.11789772727272729
0.08724832214765099 -0.12073863636363635
0.09261744966442964 -0.11221590909090906
0.1033557046979865 -0.11647727272727271
0.1033557046979865 -0.11221590909090906
0.10067114093959728 -0.11363636363636365
0.09798657718120807 -0.11363636363636365
0.1033557046979865 -0.11505681818181823
0.09798657718120807 -0.11221590909090906
0.08724832214765099 -0.11505681818181823
0.08456375838926178 -0.109375
0.08724832214765099 -0.10653409090909094
0.1033557046979865 -0.10369318181818177
0.10872483221476514 -0.10085227272727271
0.11677852348993278 -0.09232954545454541
0.11677852348993278 -0.09659090909090906
0.10604026845637593 -0.08948863636363635
0.10872483221476514 -0.09375
0.11140939597315436 -0.09659090909090906
0.11677852348993278 -0.09801136363636365
0.11409395973154357 -0.09659090909090906
0.11946308724832222 -0.09232954545454541
0.11946308724832222 -0.09232954545454541
0.1328859060402685 -0.08664772727272729
0.1302013422818793 -0.07954545454545459
0.13557046979865772 -0.078125
0.14362416107382558 -0.07244318181818177
0.15436241610738266 -0.07244318181818177
0.1597315436241611 -0.07102272727272729
0.15436241610738266 -0.07102272727272729
0.15436241610738266 -0.07386363636363635
0.15704697986577187 -0.07244318181818177
0.148993288590604 -0.07528409090909094
0.148993288590604 -0.06676136363636365
0.15436241610738266 -0.06392045454545459
0.1624161073825503 -0.05965909090909094
0.18120805369127524 -0.05255681818181823
0.19731543624161074 -0.046875
0.20805369127516782 -0.042613636363636354
0.21610738255033568 -0.035511363636363646
0.22416107382550332 -0.035511363636363646
0.22953020134228197 -0.032670454545454586
0.22953020134228197 -0.029829545454545414
0.2375838926174496 -0.026988636363636354
0.23221476510067118 -0.026988636363636354
0.24026845637583882 -0.021306818181818232
0.24295302013422826 -0.017045454545454586
0.24295302013422826 -0.009943181818181768
0.261744966442953 -0.007102272727272707
0.2805369127516779 0.0014204545454545858
0.28590604026845634 0.005681818181818121
0.3046979865771813 0.011363636363636465
0.3073825503355705 0.015625
0.31812080536912757 0.01846590909090917
0.3100671140939597 0.022727272727272707
0.323489932885906 0.019886363636363535
0.33422818791946307 0.024147727272727293
0.33154362416107386 0.026988636363636465
0.3369127516778523 0.03409090909090917
0.353020134228188 0.032670454545454586
0.36107382550335565 0.04119318181818188
0.3691275167785235 0.04971590909090917
0.3771812080536914 0.05255681818181812
0.385234899328859 0.05255681818181812
0.39060402684563766 0.046875
0.38791946308724823 0.048295454545454586
0.38791946308724823 0.046875
0.3798657718120806 0.03977272727272729
0.3718120805369127 0.045454545454545414
0.3664429530201343 0.03835227272727271
0.36107382550335565 0.03835227272727271
0.3503355704697986 0.03835227272727271
0.353020134228188 0.03409090909090917
0.3503355704697986 0.032670454545454586
0.3369127516778523 0.03125
0.34228187919463093 0.024147727272727293
0.323489932885906 0.015625
0.3073825503355705 0.009943181818181879
0.2832214765100671 0.0014204545454545858
0.26979865771812084 -0.007102272727272707
0.24832214765100669 -0.021306818181818232
0.24026845637583882 -0.024147727272727293
0.21342281879194624 -0.029829545454545414
0.19731543624161074 -0.03693181818181823
0.18657718120805367 -0.03977272727272729
0.18926174496644288 -0.042613636363636354
0.18657718120805367 -0.045454545454545414
0.17315436241610738 -0.048295454545454586
0.17046979865771816 -0.05539772727272729
0.15167785234899323 -0.0625
0.1463087248322148 -0.06818181818181823
0.13825503355704694 -0.07670454545454541
0.1302013422818793 -0.07954545454545459
0.12751677852348986 -0.08664772727272729
0.10872483221476514 -0.08380681818181823
0.11409395973154357 -0.08664772727272729
0.11140939597315436 -0.08238636363636365
0.11946308724832222 -0.08238636363636365
0.12483221476510065 -0.07954545454545459
0.12751677852348986 -0.08238636363636365
0.11946308724832222 -0.08522727272727271
0.11677852348993278 -0.08380681818181823
0.11409395973154357 -0.08948863636363635
0.10872483221476514 -0.08948863636363635
0.10604026845637593 -0.08806818181818177
0.1033557046979865 -0.08664772727272729
0.09798657718120807 -0.09090909090909094
0.09530201342281885 -0.08806818181818177
0.09798657718120807 -0.08664772727272729
0.1033557046979865 -0.08096590909090906
0.10604026845637593 -0.08096590909090906
0.11409395973154357 -0.078125
0.11140939597315436 -0.07670454545454541
0.1033557046979865 -0.08238636363636365
0.11140939597315436 -0.08522727272727271
0.10872483221476514 -0.08806818181818177
0.10872483221476514 -0.09659090909090906
0.10604026845637593 -0.09375
0.10604026845637593 -0.09375
0.10604026845637593 -0.08806818181818177
0.10872483221476514 -0.08380681818181823
0.11140939597315436 -0.08096590909090906
0.11409395973154357 -0.07670454545454541
0.12751677852348986 -0.078125
0.1302013422818793 -0.078125
0.12751677852348986 -0.078125
0.11677852348993278 -0.08096590909090906
0.12214765100671143 -0.08238636363636365
0.11677852348993278 -0.08664772727272729
0.10604026845637593 -0.08380681818181823
0.10067114093959728 -0.07954545454545459
0.10872483221476514 -0.08096590909090906
0.11140939597315436 -0.07386363636363635
0.11409395973154357 -0.07528409090909094
0.12483221476510065 -0.07102272727272729
0.11677852348993278 -0.06960227272727271
0.12214765100671143 -0.07244318181818177
0.12483221476510065 -0.07670454545454541
0.11409395973154357 -0.078125
0.11140939597315436 -0.07954545454545459
0.1033557046979865 -0.078125
0.10872483221476514 -0.08096590909090906
0.10067114093959728 -0.078125
0.09798657718120807 -0.07670454545454541
0.10872483221476514 -0.07528409090909094
0.11140939597315436 -0.07386363636363635
0.11677852348993278 -0.06960227272727271
0.11677852348993278 -0.07102272727272729
0.11409395973154357 -0.07244318181818177
0.11409395973154357 -0.07386363636363635
0.11409395973154357 -0.07670454545454541
0.10872483221476514 -0.07954545454545459
0.1033557046979865 -0.07954545454545459
0.10067114093959728 -0.08522727272727271
0.1033557046979865 -0.08238636363636365
0.1033557046979865 -0.078125
0.11140939597315436 -0.07244318181818177
0.10604026845637593 -0.07244318181818177
0.11946308724832222 -0.07102272727272729
0.12214765100671143 -0.06960227272727271
0.12214765100671143 -0.07244318181818177
0.11677852348993278 -0.07386363636363635
0.11677852348993278 -0.07102272727272729
0.10604026845637593 -0.078125
0.10067114093959728 -0.08096590909090906
0.1033557046979865 -0.07954545454545459
0.0899328859060402 -0.078125
0.08456375838926178 -0.078125
0.08456375838926178 -0.07528409090909094
0.10604026845637593 -0.06818181818181823
0.09798657718120807 -0.06676136363636365
0.11140939597315436 -0.06676136363636365
0.1033557046979865 -0.07102272727272729
0.09798657718120807 -0.07528409090909094
0.10872483221476514 -0.07244318181818177
0.10067114093959728 -0.07670454545454541
0.10067114093959728 -0.07954545454545459
0.09798657718120807 -0.07670454545454541
0.09530201342281885 -0.07670454545454541
0.0899328859060402 -0.06818181818181823
0.10067114093959728 -0.06818181818181823
0.1033557046979865 -0.06960227272727271
0.11677852348993278 -0.061079545454545414
0.11409395973154357 -0.06818181818181823
0.11409395973154357 -0.06960227272727271
0.11946308724832222 -0.07102272727272729
0.11409395973154357 -0.07386363636363635
0.11140939597315436 -0.07528409090909094
0.09798657718120807 -0.07954545454545459
0.09530201342281885 -0.07386363636363635
0.10067114093959728 -0.07528409090909094
0.10067114093959728 -0.07528409090909094
0.10604026845637593 -0.07386363636363635
0.11140939597315436 -0.07102272727272729
0.10604026845637593 -0.06676136363636365
0.11946308724832222 -0.06676136363636365
0.12214765100671143 -0.06818181818181823
0.11677852348993278 -0.0625
0.11140939597315436 -0.06534090909090906
0.10604026845637593 -0.07244318181818177
0.09798657718120807 -0.07528409090909094
0.09798657718120807 -0.07528409090909094
0.09530201342281885 -0.07102272727272729
0.09798657718120807 -0.07102272727272729
0.10604026845637593 -0.06534090909090906
0.09798657718120807 -0.061079545454545414
0.11140939597315436 -0.0625
0.11677852348993278 -0.058238636363636354
0.12214765100671143 -0.061079545454545414
0.11677852348993278 -0.0625
0.11140939597315436 -0.06392045454545459
0.11140939597315436 -0.06960227272727271
0.10604026845637593 -0.06960227272727271
0.1033557046979865 -0.07244318181818177
0.09530201342281885 -0.06960227272727271
0.1033557046979865 -0.06676136363636365
0.11140939597315436 -0.058238636363636354
0.11140939597315436 -0.058238636363636354
0.11946308724832222 -0.05397727272727271
0.12483221476510065 -0.05681818181818177
0.11946308724832222 -0.058238636363636354
0.12214765100671143 -0.0625
0.12214765100671143 -0.06818181818181823
0.12214765100671143 -0.06676136363636365
0.11409395973154357 -0.06676136363636365
0.11140939597315436 -0.06676136363636365
0.1033557046979865 -0.06392045454545459
0.11409395973154357 -0.05965909090909094
0.12214765100671143 -0.05965909090909094
0.12214765100671143 -0.05539772727272729
0.12751677852348986 -0.05397727272727271
0.13557046979865772 -0.058238636363636354
0.12483221476510065 -0.061079545454545414
0.11677852348993278 -0.05681818181818177
0.12214765100671143 -0.06534090909090906
0.11946308724832222 -0.06960227272727271
0.11409395973154357 -0.06818181818181823
0.11946308724832222 -0.07102272727272729
0.12214765100671143 -0.06534090909090906
0.11946308724832222 -0.061079545454545414
0.11409395973154357 -0.058238636363636354
0.12214765100671143 -0.05965909090909094
0.1302013422818793 -0.058238636363636354
0.13557046979865772 -0.05965909090909094
0.13557046979865772 -0.051136363636363646
0.1328859060402685 -0.058238636363636354
0.13557046979865772 -0.06392045454545459
0.1302013422818793 -0.06392045454545459
0.11946308724832222 -0.06676136363636365
0.10872483221476514 -0.07102272727272729
0.11677852348993278 -0.06392045454545459
0.12214765100671143 -0.06534090909090906
0.12214765100671143 -0.058238636363636354
0.12751677852348986 -0.05539772727272729
0.12751677852348986 -0.04971590909090906
0.1328859060402685 -0.05255681818181823
0.14093959731543615 -0.05681818181818177
0.13557046979865772 -0.04971590909090906
0.14093959731543615 -0.051136363636363646
0.13557046979865772 -0.05681818181818177
0.1328859060402685 -0.0625
0.12751677852348986 -0.05965909090909094
0.11946308724832222 -0.05965909090909094
0.12214765100671143 -0.05255681818181823
0.1302013422818793 -0.05539772727272729
0.1302013422818793 -0.05255681818181823
0.14093959731543615 -0.048295454545454586
0.13825503355704694 -0.048295454545454586
0.13825503355704694 -0.051136363636363646
0.13825503355704694 -0.051136363636363646
0.14362416107382558 -0.05255681818181823
0.12751677852348986 -0.05539772727272729
0.12751677852348986 -0.05397727272727271
0.12214765100671143 -0.05539772727272729
0.12214765100671143 -0.05255681818181823
0.11677852348993278 -0.051136363636363646
0.12483221476510065 -0.048295454545454586
0.1328859060402685 -0.048295454545454586
0.13825503355704694 -0.046875
0.148993288590604 -0.048295454545454586
0.148993288590604 -0.051136363636363646
0.1463087248322148 -0.048295454545454586
0.1463087248322148 -0.05255681818181823
0.1463087248322148 -0.05397727272727271
0.14362416107382558 -0.05539772727272729
0.13557046979865772 -0.05681818181818177
0.14093959731543615 -0.05255681818181823
0.13825503355704694 -0.05397727272727271
0.14362416107382558 -0.048295454545454586
0.14362416107382558 -0.046875
0.14362416107382558 -0.04119318181818177
0.15167785234899323 -0.03977272727272729
0.15704697986577187 -0.042613636363636354
0.148993288590604 -0.046875
0.148993288590604 -0.042613636363636354
0.14362416107382558 -0.045454545454545414
0.13557046979865772 -0.05255681818181823
0.1328859060402685 -0.048295454545454586
0.12751677852348986 -0.04971590909090906
0.12483221476510065 -0.048295454545454586
0.14362416107382558 -0.04403409090909094
0.15704697986577187 -0.03693181818181823
0.15704697986577187 -0.03977272727272729
0.16778523489932895 -0.04119318181818177
0.17046979865771816 -0.042613636363636354
0.1758389261744966 -0.048295454545454586
0.18120805369127524 -0.05255681818181823
0.18926174496644288 -0.05255681818181823
0.18389261744966445 -0.058238636363636354
0.18120805369127524 -0.05539772727272729
0.17046979865771816 -0.051136363636363646
0.18389261744966445 -0.048295454545454586
0.18389261744966445 -0.04119318181818177
0.19999999999999996 -0.035511363636363646
0.21073825503355703 -0.03693181818181823
0.2214765100671141 -0.03125
0.22953020134228197 -0.029829545454545414
0.2348993288590604 -0.025568181818181768
0.24832214765100669 -0.022727272727272707
0.24295302013422826 -0.022727272727272707
0.24026845637583882 -0.01846590909090906
0.24026845637583882 -0.017045454545454586
0.22684563758389253 -0.011363636363636354
0.22684563758389253 -0.009943181818181768
0.22416107382550332 -0.0028409090909090606
0.21610738255033568 -0.009943181818181768
0.21073825503355703 -0.0014204545454545858
0.2187919463087249 0.0014204545454545858
0.21342281879194624 -0.0014204545454545858
0.2187919463087249 -0.0042613636363636465
0.2053691275167786 -0.009943181818181768
0.19731543624161074 -0.015625
0.1785234899328858 -0.01846590909090906
0.16778523489932895 -0.025568181818181768
0.1624161073825503 -0.03125
0.15704697986577187 -0.026988636363636354
0.15704697986577187 -0.02840909090909094
0.1624161073825503 -0.03125
0.17046979865771816 -0.03125
0.17046979865771816 -0.029829545454545414
0.17046979865771816 -0.03125
0.16510067114093951 -0.03693181818181823
0.1624161073825503 -0.03835227272727271
0.1597315436241611 -0.042613636363636354
0.15167785234899323 -0.048295454545454586
0.148993288590604 -0.045454545454545414
0.13825503355704694 -0.04403409090909094
0.1463087248322148 -0.046875
0.14362416107382558 -0.046875
0.14362416107382558 -0.042613636363636354
0.148993288590604 -0.042613636363636354
0.15436241610738266 -0.04119318181818177
0.15436241610738266 -0.04403409090909094
0.148993288590604 -0.03835227272727271
0.14093959731543615 -0.045454545454545414
0.1463087248322148 -0.046875
0.14362416107382558 -0.04971590909090906
0.14362416107382558 -0.05539772727272729
0.1302013422818793 -0.04971590909090906
0.13557046979865772 -0.046875
0.1463087248322148 -0.042613636363636354
0.15436241610738266 -0.042613636363636354
0.1624161073825503 -0.03835227272727271
0.15436241610738266 -0.03693181818181823
0.16510067114093951 -0.04119318181818177
0.17315436241610738 -0.03977272727272729
0.16778523489932895 -0.04119318181818177
0.1785234899328858 -0.046875
0.19731543624161074 -0.03977272727272729
0.2214765100671141 -0.03409090909090906
0.25637583892617455 -0.007102272727272707
0.3261744966442952 0.026988636363636465
0.385234899328859 0.07244318181818188
0.44966442953020125 0.12073863636363646
0.497986577181208 0.17045454545454541
0.5328859060402684 0.21448863636363646
0.5328859060402684 0.25284090909090917
0.508724832214765 0.28409090909090917
0.4442953020134228 0.29403409090909083
0.3503355704697986 0.2826704545454546
0.23221476510067118 0.24573863636363646
0.11946308724832222 0.1803977272727273
0.00939597315436247 0.10085227272727271
-0.09261744966442953 0.011363636363636465
-0.17315436241610738 -0.07528409090909094
-0.19463087248322153 -0.140625
-0.17852348993288591 -0.17755681818181823
-0.13020134228187918 -0.16903409090909094
-0.07651006711409392 -0.14488636363636365
-0.02281879194630876 -0.109375
0.0013422818791946067 -0.07954545454545459
0.03087248322147662 -0.06534090909090906
0.041610738255033475 -0.06392045454545459
0.05234899328859055 -0.06392045454545459
0.07651006711409392 -0.061079545454545414
0.11140939597315436 -0.05397727272727271
0.13557046979865772 -0.051136363636363646
0.16778523489932895 -0.048295454545454586
0.16778523489932895 -0.03977272727272729
0.1758389261744966 -0.04119318181818177
0.1758389261744966 -0.04403409090909094
0.1758389261744966 -0.046875
0.1624161073825503 -0.045454545454545414
0.16510067114093951 -0.05397727272727271
0.15704697986577187 -0.05397727272727271
0.17046979865771816 -0.04971590909090906
0.17046979865771816 -0.05539772727272729
0.17046979865771816 -0.045454545454545414
0.1785234899328858 -0.03977272727272729
0.18926174496644288 -0.03693181818181823
0.18389261744966445 -0.03693181818181823
0.18926174496644288 -0.03409090909090906
0.19463087248322153 -0.03125
0.18657718120805367 -0.03125
0.19731543624161074 -0.03835227272727271
0.19999999999999996 -0.04119318181818177
0.19999999999999996 -0.042613636363636354
0.19194630872483232 -0.04119318181818177
0.18389261744966445 -0.042613636363636354
0.19194630872483232 -0.03693181818181823
0.20268456375838917 -0.035511363636363646
0.20805369127516782 -0.029829545454545414
0.20805369127516782 -0.02840909090909094
0.21342281879194624 -0.026988636363636354
0.21073825503355703 -0.026988636363636354
0.21610738255033568 -0.029829545454545414
0.2214765100671141 -0.03835227272727271
0.21610738255033568 -0.03977272727272729
0.21610738255033568 -0.04119318181818177
0.21073825503355703 -0.03977272727272729
0.21610738255033568 -0.03409090909090906
0.2187919463087249 -0.032670454545454586
0.2214765100671141 -0.024147727272727293
0.22953020134228197 -0.022727272727272707
0.22953020134228197 -0.017045454545454586
0.23221476510067118 -0.015625
0.23221476510067118 -0.021306818181818232
0.24026845637583882 -0.022727272727272707
0.24563758389261747 -0.022727272727272707
0.24026845637583882 -0.021306818181818232
0.24026845637583882 -0.022727272727272707
0.24295302013422826 -0.022727272727272707
0.24026845637583882 -0.021306818181818232
0.24295302013422826 -0.01278409090909094
0.25369127516778534 -0.011363636363636354
0.25906040268456376 -0.009943181818181768
0.2644295302013422 -0.0042613636363636465
0.27516778523489926 -0.0028409090909090606
0.2778523489932887 0.0
0.2778523489932887 0.0028409090909091717
0.27516778523489926 -0.0014204545454545858
0.2805369127516779 0.0
0.2778523489932887 -0.0042613636363636465
0.2832214765100671 0.0042613636363635354
0.2805369127516779 0.0042613636363635354
0.28859060402684555 0.008522727272727293
0.29932885906040263 0.009943181818181879
0.30201342281879184 0.015625
0.3046979865771813 0.022727272727272707
0.3100671140939597 0.02556818181818188
0.33154362416107386 0.02840909090909083
0.32885906040268464 0.026988636363636465
0.33154362416107386 0.029829545454545414
0.33422818791946307 0.03125
0.33422818791946307 0.03409090909090917
0.3395973154362417 0.03409090909090917
0.34496644295302015 0.03693181818181812
0.353020134228188 0.03977272727272729
0.3691275167785235 0.051136363636363535
0.3718120805369127 0.05539772727272729
0.385234899328859 0.05965909090909083
0.3932885906040269 0.06676136363636354
0.3986577181208053 0.06676136363636354
0.41476510067114103 0.06960227272727271
0.42013422818791946 0.07102272727272729
0.41744966442953024 0.07102272727272729
0.42013422818791946 0.06960227272727271
0.4281879194630873 0.07386363636363646
0.4255033557046979 0.07386363636363646
0.42013422818791946 0.07954545454545459
0.43087248322147653 0.08948863636363646
0.44697986577181203 0.09090909090909083
0.4550335570469799 0.09232954545454541
0.4684563758389262 0.09090909090909083
0.4684563758389262 0.09659090909090917
0.4684563758389262 0.09375
0.4684563758389262 0.09517045454545459
0.46308724832214776 0.08664772727272729
0.46308724832214776 0.08522727272727271
0.4604026845637583 0.08096590909090917
0.4523489932885907 0.07954545454545459
0.4523489932885907 0.08096590909090917
0.4442953020134228 0.07670454545454541
0.4442953020134228 0.07244318181818188
0.43355704697986575 0.06960227272727271
0.43355704697986575 0.06392045454545459
0.42013422818791946 0.05965909090909083
0.41476510067114103 0.04971590909090917
0.39060402684563766 0.03693181818181812
0.3825503355704698 0.026988636363636465
0.36375838926174486 0.015625
0.34228187919463093 0.008522727272727293
0.32885906040268464 0.0042613636363635354
0.3073825503355705 -0.005681818181818232
0.30201342281879184 -0.0042613636363636465
0.291275167785235 -0.01278409090909094
0.2832214765100671 -0.014204545454545414
0.2805369127516779 -0.015625
0.26979865771812084 -0.029829545454545414
0.25906040268456376 -0.03693181818181823
0.25369127516778534 -0.04403409090909094
0.24026845637583882 -0.051136363636363646
0.22684563758389253 -0.05539772727272729
0.21610738255033568 -0.061079545454545414
0.2053691275167786 -0.05965909090909094
0.20268456375838917 -0.06392045454545459
0.20268456375838917 -0.06392045454545459
0.20268456375838917 -0.06676136363636365
0.20805369127516782 -0.061079545454545414
0.2053691275167786 -0.06392045454545459
0.21073825503355703 -0.06676136363636365
0.20268456375838917 -0.06534090909090906
0.19731543624161074 -0.07244318181818177
0.19194630872483232 -0.07102272727272729
0.19194630872483232 -0.07528409090909094
0.18389261744966445 -0.08096590909090906
0.1785234899328858 -0.07954545454545459
0.1785234899328858 -0.07244318181818177
0.1785234899328858 -0.07244318181818177
0.18120805369127524 -0.06818181818181823
0.18926174496644288 -0.06960227272727271
0.18926174496644288 -0.07102272727272729
0.18120805369127524 -0.07244318181818177
0.18657718120805367 -0.07528409090909094
0.18120805369127524 -0.07528409090909094
0.18389261744966445 -0.07670454545454541
0.17315436241610738 -0.08238636363636365
0.16510067114093951 -0.08096590909090906
0.1758389261744966 -0.08238636363636365
0.1624161073825503 -0.07954545454545459
0.17046979865771816 -0.07670454545454541
0.18120805369127524 -0.078125
0.17315436241610738 -0.07386363636363635
0.18389261744966445 -0.07244318181818177
0.18389261744966445 -0.078125
0.18926174496644288 -0.07670454545454541
0.18389261744966445 -0.078125
0.18389261744966445 -0.08096590909090906
0.17315436241610738 -0.08238636363636365
0.18657718120805367 -0.08238636363636365
0.18120805369127524 -0.08096590909090906
0.1758389261744966 -0.08096590909090906
0.18120805369127524 -0.08238636363636365
0.18389261744966445 -0.07670454545454541
0.19194630872483232 -0.07528409090909094
0.19463087248322153 -0.07102272727272729
0.19731543624161074 -0.07528409090909094
0.20268456375838917 -0.078125
0.19731543624161074 -0.078125
0.19463087248322153 -0.07670454545454541
0.19194630872483232 -0.08096590909090906
0.18389261744966445 -0.08522727272727271
0.16778523489932895 -0.08806818181818177
0.18120805369127524 -0.08238636363636365
0.18389261744966445 -0.07670454545454541
0.18926174496644288 -0.08096590909090906
0.18657718120805367 -0.07670454545454541
0.18657718120805367 -0.07386363636363635
0.18926174496644288 -0.07386363636363635
0.1758389261744966 -0.07954545454545459
0.1785234899328858 -0.07954545454545459
0.16778523489932895 -0.08238636363636365
0.17315436241610738 -0.08664772727272729
0.17315436241610738 -0.08948863636363635
0.16510067114093951 -0.08664772727272729
0.15704697986577187 -0.08664772727272729
0.15704697986577187 -0.07954545454545459
0.1624161073825503 -0.078125
0.16510067114093951 -0.08096590909090906
0.17046979865771816 -0.08096590909090906
0.1758389261744966 -0.08238636363636365
0.16778523489932895 -0.08380681818181823
0.1597315436241611 -0.08806818181818177
0.15167785234899323 -0.09375
0.15704697986577187 -0.09517045454545459
0.13825503355704694 -0.09375
0.14093959731543615 -0.09659090909090906
0.1463087248322148 -0.09517045454545459
0.13557046979865772 -0.08664772727272729
0.13825503355704694 -0.08664772727272729
0.14362416107382558 -0.08380681818181823
0.1463087248322148 -0.08664772727272729
0.14362416107382558 -0.09090909090909094
0.15167785234899323 -0.09090909090909094
0.14362416107382558 -0.09232954545454541
0.1463087248322148 -0.09517045454545459
0.13557046979865772 -0.09943181818181823
0.14362416107382558 -0.09801136363636365
0.13557046979865772 -0.09801136363636365
0.13557046979865772 -0.09517045454545459
0.14362416107382558 -0.09375
0.14093959731543615 -0.09232954545454541
0.1463087248322148 -0.09517045454545459
0.15704697986577187 -0.09232954545454541
0.1597315436241611 -0.09232954545454541
0.15436241610738266 -0.09375
0.15436241610738266 -0.09943181818181823
0.15436241610738266 -0.10085227272727271
0.148993288590604 -0.10369318181818177
0.14093959731543615 -0.109375
0.14093959731543615 -0.10511363636363635
0.12751677852348986 -0.10369318181818177
0.1302013422818793 -0.10227272727272729
0.13825503355704694 -0.10085227272727271
0.14362416107382558 -0.09375
0.14093959731543615 -0.09517045454545459
0.1463087248322148 -0.09801136363636365
0.148993288590604 -0.09801136363636365
0.15167785234899323 -0.10227272727272729
0.148993288590604 -0.10227272727272729
0.148993288590604 -0.10795454545454541
0.14093959731543615 -0.10369318181818177
0.13557046979865772 -0.10653409090909094
0.14093959731543615 -0.09943181818181823
0.14362416107382558 -0.09375
0.15167785234899323 -0.09375
0.1463087248322148 -0.08948863636363635
0.15167785234899323 -0.08948863636363635
0.15167785234899323 -0.09090909090909094
0.148993288590604 -0.09517045454545459
0.14362416107382558 -0.09659090909090906
0.13825503355704694 -0.09943181818181823
0.14093959731543615 -0.10227272727272729
0.13557046979865772 -0.10795454545454541
0.1328859060402685 -0.10085227272727271
0.1328859060402685 -0.10227272727272729
0.12751677852348986 -0.09943181818181823
0.14093959731543615 -0.09659090909090906
0.14362416107382558 -0.09517045454545459
0.15436241610738266 -0.09375
0.15167785234899323 -0.09375
0.15436241610738266 -0.09801136363636365
0.1463087248322148 -0.09801136363636365
0.14362416107382558 -0.10085227272727271
0.14362416107382558 -0.10369318181818177
0.13557046979865772 -0.10653409090909094
0.14093959731543615 -0.10369318181818177
0.1302013422818793 -0.10085227272727271
0.11946308724832222 -0.09943181818181823
0.13825503355704694 -0.09801136363636365
0.14362416107382558 -0.09090909090909094
0.15436241610738266 -0.09232954545454541
0.148993288590604 -0.09232954545454541
0.148993288590604 -0.09517045454545459
0.148993288590604 -0.10085227272727271
0.14362416107382558 -0.10511363636363635
0.14362416107382558 -0.10369318181818177
0.13557046979865772 -0.10511363636363635
0.1328859060402685 -0.10227272727272729
0.12751677852348986 -0.10511363636363635
0.1328859060402685 -0.10085227272727271
0.14093959731543615 -0.09801136363636365
0.148993288590604 -0.09659090909090906
0.1597315436241611 -0.09375
0.15436241610738266 -0.09943181818181823
0.1624161073825503 -0.09943181818181823
0.15704697986577187 -0.09659090909090906
0.1463087248322148 -0.10085227272727271
0.14362416107382558 -0.10653409090909094
0.13557046979865772 -0.10369318181818177
0.14093959731543615 -0.10369318181818177
0.13825503355704694 -0.10369318181818177
0.14362416107382558 -0.09659090909090906
0.148993288590604 -0.09659090909090906
0.14093959731543615 -0.09375
0.148993288590604 -0.09517045454545459
0.1463087248322148 -0.09517045454545459
0.148993288590604 -0.09943181818181823
0.15436241610738266 -0.09943181818181823
0.15167785234899323 -0.10227272727272729
0.15167785234899323 -0.10511363636363635
0.13825503355704694 -0.10511363636363635
0.1463087248322148 -0.10653409090909094
0.1463087248322148 -0.10085227272727271
0.13825503355704694 -0.10085227272727271
0.15167785234899323 -0.09659090909090906
0.14362416107382558 -0.09517045454545459
0.148993288590604 -0.09375
0.148993288590604 -0.09517045454545459
0.148993288590604 -0.09375
0.1463087248322148 -0.09801136363636365
0.15704697986577187 -0.10227272727272729
0.148993288590604 -0.10227272727272729
0.148993288590604 -0.10369318181818177
0.13557046979865772 -0.10511363636363635
0.14093959731543615 -0.10795454545454541
0.148993288590604 -0.10227272727272729
0.15436241610738266 -0.09801136363636365
0.15436241610738266 -0.09375
0.1597315436241611 -0.09801136363636365
0.1624161073825503 -0.10085227272727271
0.1597315436241611 -0.09659090909090906
0.1624161073825503 -0.10085227272727271
0.15704697986577187 -0.10369318181818177
0.14362416107382558 -0.10653409090909094
0.13557046979865772 -0.10511363636363635
0.14362416107382558 -0.10795454545454541
0.14362416107382558 -0.10511363636363635
0.148993288590604 -0.09659090909090906
0.1463087248322148 -0.09659090909090906
0.148993288590604 -0.09517045454545459
0.15436241610738266 -0.09659090909090906
0.1624161073825503 -0.10227272727272729
0.15704697986577187 -0.10085227272727271
0.148993288590604 -0.09943181818181823
0.148993288590604 -0.10511363636363635
0.148993288590604 -0.10653409090909094
0.1463087248322148 -0.10511363636363635
0.14362416107382558 -0.10369318181818177
0.14093959731543615 -0.10085227272727271
0.14362416107382558 -0.09943181818181823
0.15167785234899323 -0.10227272727272729
0.15704697986577187 -0.09801136363636365
0.16510067114093951 -0.09517045454545459
0.16510067114093951 -0.09943181818181823
0.16510067114093951 -0.10227272727272729
0.17046979865771816 -0.10085227272727271
0.1597315436241611 -0.10511363636363635
0.1624161073825503 -0.10795454545454541
0.1597315436241611 -0.10511363636363635
0.1597315436241611 -0.10795454545454541
0.17046979865771816 -0.10511363636363635
0.1785234899328858 -0.10511363636363635
0.18657718120805367 -0.10369318181818177
0.19463087248322153 -0.10369318181818177
0.2053691275167786 -0.09659090909090906
0.20268456375838917 -0.09943181818181823
0.20805369127516782 -0.09801136363636365
0.19999999999999996 -0.09801136363636365
0.2053691275167786 -0.09801136363636365
0.21342281879194624 -0.10227272727272729
0.21342281879194624 -0.09801136363636365
0.22953020134228197 -0.09232954545454541
0.2348993288590604 -0.08948863636363635
0.2348993288590604 -0.08238636363636365
0.2510067114093959 -0.07670454545454541
0.25369127516778534 -0.07386363636363635
0.24832214765100669 -0.06534090909090906
0.2510067114093959 -0.0625
0.24832214765100669 -0.05965909090909094
0.23221476510067118 -0.061079545454545414
0.21342281879194624 -0.06534090909090906
0.21073825503355703 -0.06960227272727271
0.2053691275167786 -0.07102272727272729
0.21073825503355703 -0.07102272727272729
0.21073825503355703 -0.06960227272727271
0.2053691275167786 -0.07244318181818177
0.19731543624161074 -0.06960227272727271
0.19194630872483232 -0.06818181818181823
0.19731543624161074 -0.06960227272727271
0.18926174496644288 -0.07102272727272729
0.18926174496644288 -0.07386363636363635
0.1785234899328858 -0.08380681818181823
0.16778523489932895 -0.08664772727272729
0.1597315436241611 -0.09801136363636365
0.15167785234899323 -0.09801136363636365
0.1463087248322148 -0.10085227272727271
0.14093959731543615 -0.10227272727272729
0.148993288590604 -0.09943181818181823
0.15167785234899323 -0.09232954545454541
0.148993288590604 -0.09375
0.15167785234899323 -0.09232954545454541
0.1463087248322148 -0.09517045454545459
0.1463087248322148 -0.09943181818181823
0.1463087248322148 -0.10227272727272729
0.1302013422818793 -0.109375
0.13557046979865772 -0.10511363636363635
0.12483221476510065 -0.11079545454545459
0.11677852348993278 -0.109375
0.1302013422818793 -0.10653409090909094
0.1328859060402685 -0.10369318181818177
0.14093959731543615 -0.10085227272727271
0.14362416107382558 -0.09943181818181823
0.1463087248322148 -0.09659090909090906
0.15436241610738266 -0.09801136363636365
0.1463087248322148 -0.10227272727272729
0.15436241610738266 -0.10227272727272729
0.148993288590604 -0.10795454545454541
0.15167785234899323 -0.10511363636363635
0.1463087248322148 -0.11079545454545459
0.1463087248322148 -0.11221590909090906
0.15436241610738266 -0.11079545454545459
0.18120805369127524 -0.10795454545454541
0.21073825503355703 -0.09375
0.26979865771812084 -0.07244318181818177
0.3369127516778523 -0.035511363636363646
0.40671140939597317 0.005681818181818121
0.4845637583892617 0.05539772727272729
0.5651006711409396 0.125
0.621476510067114 0.18323863636363646
0.6644295302013423 0.25
0.6697986577181207 0.30823863636363646
0.6053691275167785 0.3352272727272727
0.5060402684563758 0.3267045454545454
0.38791946308724823 0.2826704545454546
0.24295302013422826 0.2102272727272727
0.11140939597315436 0.11789772727272729
-0.014765100671140896 0.02130681818181812
-0.08993288590604032 -0.06818181818181823
-0.10604026845637582 -0.12784090909090906
-0.07919463087248324 -0.1477272727272727
-0.03355704697986572 -0.1335227272727273
0.01744966442953011 -0.11363636363636365
0.0577181208053692 -0.09090909090909094
0.0899328859060402 -0.07670454545454541
0.10067114093959728 -0.078125
0.12751677852348986 -0.07670454545454541
0.148993288590604 -0.08096590909090906
0.1624161073825503 -0.08238636363636365
0.1758389261744966 -0.08238636363636365
0.1785234899328858 -0.08096590909090906
0.1758389261744966 -0.08380681818181823
0.1758389261744966 -0.08664772727272729
0.17315436241610738 -0.08806818181818177
0.16510067114093951 -0.09375
0.1624161073825503 -0.09659090909090906
0.15704697986577187 -0.09659090909090906
0.16510067114093951 -0.09801136363636365
0.1624161073825503 -0.09517045454545459
0.17315436241610738 -0.08948863636363635
0.18389261744966445 -0.08806818181818177
0.1758389261744966 -0.08664772727272729
0.1785234899328858 -0.09090909090909094
0.18389261744966445 -0.08238636363636365
0.1785234899328858 -0.09232954545454541
0.17046979865771816 -0.09232954545454541
0.17046979865771816 -0.09375
0.17046979865771816 -0.09517045454545459
0.17046979865771816 -0.09517045454545459
0.16510067114093951 -0.08806818181818177
0.17046979865771816 -0.09232954545454541
0.18389261744966445 -0.08238636363636365
0.19194630872483232 -0.08522727272727271
0.19731543624161074 -0.08096590909090906
0.19463087248322153 -0.08238636363636365
0.19999999999999996 -0.07954545454545459
0.19463087248322153 -0.08948863636363635
0.19194630872483232 -0.08522727272727271
0.19194630872483232 -0.08948863636363635
0.18926174496644288 -0.08806818181818177
0.2053691275167786 -0.08522727272727271
0.19731543624161074 -0.08522727272727271
0.19999999999999996 -0.08238636363636365
0.2053691275167786 -0.07528409090909094
0.21342281879194624 -0.07244318181818177
0.2214765100671141 -0.07386363636363635
0.21610738255033568 -0.07102272727272729
0.22684563758389253 -0.07386363636363635
0.22416107382550332 -0.07670454545454541
0.2187919463087249 -0.07528409090909094
0.21342281879194624 -0.078125
0.21073825503355703 -0.07528409090909094
0.2187919463087249 -0.078125
0.21342281879194624 -0.07102272727272729
0.22684563758389253 -0.0625
0.22953020134228197 -0.06392045454545459
0.24026845637583882 -0.05681818181818177
0.2510067114093959 -0.05681818181818177
0.24563758389261747 -0.058238636363636354
0.24026845637583882 -0.05965909090909094
0.24026845637583882 -0.058238636363636354
0.24295302013422826 -0.05965909090909094
0.24563758389261747 -0.06392045454545459
0.24563758389261747 -0.0625
0.24563758389261747 -0.0625
0.25906040268456376 -0.05965909090909094
0.2671140939597316 -0.05255681818181823
0.27516778523489926 -0.048295454545454586
0.28859060402684555 -0.04403409090909094
0.2966442953020134 -0.03977272727272729
0.3046979865771813 -0.03977272727272729
0.3046979865771813 -0.03409090909090906
0.3073825503355705 -0.035511363636363646
0.3127516778523489 -0.032670454545454586
0.31543624161073835 -0.032670454545454586
0.31812080536912757 -0.03125
0.31812080536912757 -0.026988636363636354
0.3261744966442952 -0.01846590909090906
0.3369127516778523 -0.017045454545454586
0.34765100671140936 -0.0042613636363636465
0.36107382550335565 -0.0042613636363636465
0.36375838926174486 -0.0014204545454545858
0.3771812080536914 0.0014204545454545858
0.385234899328859 0.0028409090909091717
0.3825503355704698 0.0014204545454545858
0.3932885906040269 0.0028409090909091717
0.38791946308724823 0.005681818181818121
0.40134228187919474 0.0042613636363635354
0.40134228187919474 0.007102272727272707
0.40134228187919474 0.011363636363636465
0.4093959731543624 0.01846590909090917
0.4093959731543624 0.02556818181818188
0.41476510067114103 0.03125
0.43624161073825496 0.035511363636363535
0.44966442953020125 0.03409090909090917
0.4416107382550336 0.03409090909090917
0.44697986577181203 0.032670454545454586
0.4550335570469799 0.029829545454545414
0.44966442953020125 0.03125
0.4442953020134228 0.02840909090909083
0.4523489932885907 0.029829545454545414
0.4416107382550336 0.03125
0.44966442953020125 0.03125
0.4550335570469799 0.03125
0.4523489932885907 0.03409090909090917
0.4523489932885907 0.03409090909090917
0.44966442953020125 0.02840909090909083
0.4389261744966444 0.026988636363636465
0.43087248322147653 0.015625
0.41744966442953024 0.008522727272727293
0.40671140939597317 -0.0028409090909090606
0.385234899328859 -0.007102272727272707
0.3691275167785235 -0.01278409090909094
0.36375838926174486 -0.01846590909090906
0.34765100671140936 -0.02840909090909094
0.3261744966442952 -0.025568181818181768
0.3208053691275168 -0.02840909090909094
0.31812080536912757 -0.03835227272727271
0.3073825503355705 -0.045454545454545414
0.28859060402684555 -0.05397727272727271
0.2778523489932887 -0.05965909090909094
0.2671140939597316 -0.07102272727272729
0.24832214765100669 -0.078125
0.22684563758389253 -0.08238636363636365
0.2187919463087249 -0.08806818181818177
0.20805369127516782 -0.08664772727272729
0.19999999999999996 -0.08522727272727271
0.20268456375838917 -0.08380681818181823
0.2053691275167786 -0.08948863636363635
0.20268456375838917 -0.08948863636363635
0.19463087248322153 -0.08664772727272729
0.19463087248322153 -0.09232954545454541
0.18926174496644288 -0.09375
0.18120805369127524 -0.10227272727272729
0.18120805369127524 -0.10653409090909094
0.16778523489932895 -0.10369318181818177
0.16778523489932895 -0.10511363636363635
0.1597315436241611 -0.10795454545454541
0.16778523489932895 -0.10511363636363635
0.16510067114093951 -0.10511363636363635
0.17046979865771816 -0.09801136363636365
0.17315436241610738 -0.09801136363636365
0.18120805369127524 -0.10227272727272729
0.18120805369127524 -0.10511363636363635
0.16778523489932895 -0.10653409090909094
0.1624161073825503 -0.11079545454545459
0.17046979865771816 -0.11079545454545459
0.1597315436241611 -0.11505681818181823
0.1597315436241611 -0.11505681818181823
0.15704697986577187 -0.11221590909090906
0.16510067114093951 -0.11221590909090906
0.1624161073825503 -0.10511363636363635
0.1758389261744966 -0.10511363636363635
0.1785234899328858 -0.10085227272727271
0.18120805369127524 -0.10653409090909094
0.18657718120805367 -0.10369318181818177
0.1758389261744966 -0.10795454545454541
0.17315436241610738 -0.11221590909090906
0.1758389261744966 -0.11079545454545459
0.17315436241610738 -0.11647727272727271
0.15436241610738266 -0.11221590909090906
0.16510067114093951 -0.11221590909090906
0.16510067114093951 -0.11079545454545459
0.17315436241610738 -0.10795454545454541
0.1758389261744966 -0.10369318181818177
0.1785234899328858 -0.10369318181818177
0.1758389261744966 -0.10227272727272729
0.18120805369127524 -0.10511363636363635
0.1785234899328858 -0.10085227272727271
0.1758389261744966 -0.10653409090909094
0.17046979865771816 -0.11079545454545459
0.16778523489932895 -0.10795454545454541
0.16778523489932895 -0.11789772727272729
0.1624161073825503 -0.11221590909090906
0.16778523489932895 -0.10653409090909094
0.1758389261744966 -0.10227272727272729
0.18120805369127524 -0.09801136363636365
0.18389261744966445 -0.09943181818181823
0.18926174496644288 -0.10369318181818177
0.18389261744966445 -0.10369318181818177
0.1758389261744966 -0.109375
0.17046979865771816 -0.109375
0.16510067114093951 -0.11363636363636365
0.1624161073825503 -0.11221590909090906
0.15704697986577187 -0.109375
0.15436241610738266 -0.11221590909090906
0.15704697986577187 -0.109375
0.15167785234899323 -0.10653409090909094
0.1597315436241611 -0.10369318181818177
0.1624161073825503 -0.10653409090909094
0.1624161073825503 -0.109375
0.1597315436241611 -0.11079545454545459
0.1597315436241611 -0.11505681818181823
0.148993288590604 -0.11647727272727271
0.15167785234899323 -0.11505681818181823
0.14093959731543615 -0.11505681818181823
0.14093959731543615 -0.11079545454545459
0.13557046979865772 -0.11221590909090906
0.14093959731543615 -0.11079545454545459
0.148993288590604 -0.11079545454545459
0.148993288590604 -0.109375
0.15436241610738266 -0.10653409090909094
0.15704697986577187 -0.109375
0.15167785234899323 -0.11079545454545459
0.148993288590604 -0.11363636363636365
0.14093959731543615 -0.11505681818181823
0.13557046979865772 -0.11789772727272729
0.13557046979865772 -0.11931818181818177
0.13557046979865772 -0.11789772727272729
0.12751677852348986 -0.11363636363636365
0.1302013422818793 -0.11079545454545459
0.12483221476510065 -0.10511363636363635
0.1328859060402685 -0.10227272727272729
0.1328859060402685 -0.10227272727272729
0.148993288590604 -0.10653409090909094
0.14093959731543615 -0.109375
0.13557046979865772 -0.10653409090909094
0.1302013422818793 -0.11505681818181823
0.13557046979865772 -0.11221590909090906
0.12751677852348986 -0.11789772727272729
0.12751677852348986 -0.11931818181818177
0.12751677852348986 -0.11363636363636365
0.1328859060402685 -0.11079545454545459
0.1328859060402685 -0.10369318181818177
0.1328859060402685 -0.10511363636363635
0.1328859060402685 -0.10227272727272729
0.13825503355704694 -0.10653409090909094
0.13557046979865772 -0.10795454545454541
0.1328859060402685 -0.11079545454545459
0.12483221476510065 -0.11363636363636365
0.12751677852348986 -0.11789772727272729
0.1328859060402685 -0.11079545454545459
0.1328859060402685 -0.11505681818181823
0.11946308724832222 -0.11363636363636365
0.12483221476510065 -0.109375
0.1302013422818793 -0.109375
0.13825503355704694 -0.10511363636363635
0.1463087248322148 -0.09943181818181823
0.1463087248322148 -0.10511363636363635
0.14362416107382558 -0.10511363636363635
0.14362416107382558 -0.10653409090909094
0.13825503355704694 -0.11079545454545459
0.13557046979865772 -0.11647727272727271
0.12483221476510065 -0.11363636363636365
0.12214765100671143 -0.11363636363636365
0.1302013422818793 -0.109375
0.14093959731543615 -0.10653409090909094
0.14093959731543615 -0.10511363636363635
0.14093959731543615 -0.09943181818181823
0.14093959731543615 -0.09801136363636365
0.148993288590604 -0.10369318181818177
0.148993288590604 -0.109375
0.14362416107382558 -0.10369318181818177
0.13825503355704694 -0.11221590909090906
0.1302013422818793 -0.109375
0.1302013422818793 -0.11221590909090906
0.12751677852348986 -0.11363636363636365
0.12751677852348986 -0.11221590909090906
0.13557046979865772 -0.10653409090909094
0.14093959731543615 -0.10369318181818177
0.14362416107382558 -0.10511363636363635
0.148993288590604 -0.09801136363636365
0.15436241610738266 -0.10369318181818177
0.15436241610738266 -0.10511363636363635
0.14093959731543615 -0.109375
0.1328859060402685 -0.11079545454545459
0.12214765100671143 -0.109375
0.11677852348993278 -0.109375
0.12214765100671143 -0.11363636363636365
0.12483221476510065 -0.109375
0.1302013422818793 -0.109375
0.1328859060402685 -0.10653409090909094
0.13825503355704694 -0.10085227272727271
0.1463087248322148 -0.09943181818181823
0.148993288590604 -0.10369318181818177
0.14093959731543615 -0.10369318181818177
0.13557046979865772 -0.10511363636363635
0.1328859060402685 -0.10653409090909094
0.1302013422818793 -0.11079545454545459
0.1302013422818793 -0.10653409090909094
0.12483221476510065 -0.11221590909090906
0.12214765100671143 -0.109375
0.1302013422818793 -0.10511363636363635
0.1302013422818793 -0.10085227272727271
0.14093959731543615 -0.09801136363636365
0.14093959731543615 -0.09517045454545459
0.1463087248322148 -0.09375
0.148993288590604 -0.09659090909090906
0.14093959731543615 -0.10227272727272729
0.14093959731543615 -0.10511363636363635
0.14093959731543615 -0.10653409090909094
0.1328859060402685 -0.10653409090909094
0.11677852348993278 -0.10511363636363635
0.13557046979865772 -0.109375
0.14362416107382558 -0.09943181818181823
0.14362416107382558 -0.10085227272727271
0.14362416107382558 -0.10227272727272729
0.1463087248322148 -0.09375
0.148993288590604 -0.09801136363636365
0.15167785234899323 -0.10085227272727271
0.15436241610738266 -0.10369318181818177
0.13825503355704694 -0.10227272727272729
0.1328859060402685 -0.10369318181818177
0.1328859060402685 -0.10511363636363635
0.12751677852348986 -0.10511363636363635
0.12751677852348986 -0.10511363636363635
0.12751677852348986 -0.09801136363636365
0.14093959731543615 -0.09517045454545459
0.14362416107382558 -0.08806818181818177
0.13557046979865772 -0.08664772727272729
0.14362416107382558 -0.08806818181818177
0.1463087248322148 -0.09517045454545459
0.14093959731543615 -0.09517045454545459
0.148993288590604 -0.09659090909090906
0.14093959731543615 -0.09375
0.13557046979865772 -0.09801136363636365
0.1328859060402685 -0.09801136363636365
0.1302013422818793 -0.09517045454545459
0.1302013422818793 -0.09375
0.14093959731543615 -0.08806818181818177
0.1463087248322148 -0.09232954545454541
0.148993288590604 -0.08522727272727271
0.148993288590604 -0.09232954545454541
0.15167785234899323 -0.09232954545454541
0.14093959731543615 -0.09090909090909094
0.148993288590604 -0.09232954545454541
0.13557046979865772 -0.09943181818181823
0.13825503355704694 -0.09375
0.1328859060402685 -0.09801136363636365
0.13825503355704694 -0.09517045454545459
0.1302013422818793 -0.09517045454545459
0.1328859060402685 -0.09375
0.14093959731543615 -0.08806818181818177
0.14093959731543615 -0.08522727272727271
0.14362416107382558 -0.08380681818181823
0.1463087248322148 -0.08096590909090906
0.14093959731543615 -0.08380681818181823
0.13557046979865772 -0.08664772727272729
0.12751677852348986 -0.09090909090909094
0.1328859060402685 -0.09375
0.1328859060402685 -0.09659090909090906
0.1302013422818793 -0.08948863636363635
0.13557046979865772 -0.09090909090909094
0.14362416107382558 -0.08948863636363635
0.13825503355704694 -0.08948863636363635
0.1463087248322148 -0.08238636363636365
0.148993288590604 -0.07954545454545459
0.15704697986577187 -0.08380681818181823
0.1624161073825503 -0.08664772727272729
0.16510067114093951 -0.08948863636363635
0.1624161073825503 -0.09232954545454541
0.1597315436241611 -0.09659090909090906
0.15704697986577187 -0.09801136363636365
0.1624161073825503 -0.09375
0.17046979865771816 -0.08948863636363635
0.16510067114093951 -0.07954545454545459
0.18926174496644288 -0.07670454545454541
0.20268456375838917 -0.06818181818181823
0.21073825503355703 -0.07244318181818177
0.2214765100671141 -0.06676136363636365
0.22953020134228197 -0.06818181818181823
0.23221476510067118 -0.06818181818181823
0.23221476510067118 -0.06392045454545459
0.22416107382550332 -0.05965909090909094
0.2187919463087249 -0.058238636363636354
0.21073825503355703 -0.051136363636363646
0.21073825503355703 -0.04403409090909094
0.20805369127516782 -0.04403409090909094
0.2053691275167786 -0.03977272727272729
0.21073825503355703 -0.03835227272727271
0.2053691275167786 -0.03835227272727271
0.19999999999999996 -0.045454545454545414
0.19194630872483232 -0.04971590909090906
0.17315436241610738 -0.04971590909090906
0.16778523489932895 -0.058238636363636354
0.16510067114093951 -0.061079545454545414
0.1624161073825503 -0.0625
0.15436241610738266 -0.06818181818181823
0.15704697986577187 -0.0625
0.15167785234899323 -0.06676136363636365
0.15167785234899323 -0.06392045454545459
0.15436241610738266 -0.06676136363636365
0.15436241610738266 -0.06534090909090906
0.15436241610738266 -0.07528409090909094
0.15436241610738266 -0.07670454545454541
0.13825503355704694 -0.07670454545454541
0.13825503355704694 -0.07954545454545459
0.1302013422818793 -0.07954545454545459
0.1302013422818793 -0.08238636363636365
0.12751677852348986 -0.08096590909090906
0.12214765100671143 -0.07670454545454541
0.12751677852348986 -0.07670454545454541
0.1302013422818793 -0.07528409090909094
0.1463087248322148 -0.07670454545454541
0.14093959731543615 -0.078125
0.13825503355704694 -0.08096590909090906
0.1328859060402685 -0.08096590909090906
0.1328859060402685 -0.08522727272727271
0.12214765100671143 -0.09232954545454541
0.12214765100671143 -0.08948863636363635
0.11677852348993278 -0.08806818181818177
0.12214765100671143 -0.08380681818181823
0.12483221476510065 -0.08380681818181823
0.12483221476510065 -0.078125
0.12483221476510065 -0.07670454545454541
0.13557046979865772 -0.07386363636363635
0.1302013422818793 -0.07954545454545459
0.14362416107382558 -0.07528409090909094
0.14093959731543615 -0.07954545454545459
0.1328859060402685 -0.08238636363636365
0.12751677852348986 -0.08380681818181823
0.14093959731543615 -0.08522727272727271
0.1624161073825503 -0.08522727272727271
0.19194630872483232 -0.07528409090909094
0.24295302013422826 -0.05255681818181823
0.291275167785235 -0.014204545454545414
0.3503355704697986 0.029829545454545414
0.42013422818791946 0.078125
0.4738255033557046 0.12784090909090917
0.5006711409395974 0.1803977272727273
0.5060402684563758 0.23153409090909083
0.465771812080537 0.2571022727272727
0.3932885906040269 0.26278409090909083
0.2832214765100671 0.2428977272727273
0.1624161073825503 0.18465909090909083
0.025503355704697972 0.11221590909090917
-0.08456375838926178 0.024147727272727293
-0.15167785234899334 -0.06960227272727271
-0.189261744966443 -0.1491477272727273
-0.18389261744966445 -0.1946022727272727
-0.1328859060402685 -0.19744318181818177
-0.07919463087248324 -0.16903409090909094
-0.03355704697986572 -0.13920454545454541
0.00402684563758382 -0.11079545454545459
0.03624161073825505 -0.09375
0.04966442953020134 -0.08380681818181823
0.06845637583892628 -0.08238636363636365
0.09261744966442964 -0.07528409090909094
0.11677852348993278 -0.07386363636363635
0.14362416107382558 -0.06960227272727271
0.1624161073825503 -0.06818181818181823
0.16778523489932895 -0.06534090909090906
0.16778523489932895 -0.0625
0.15704697986577187 -0.06676136363636365
0.15167785234899323 -0.06818181818181823
0.148993288590604 -0.07244318181818177
0.148993288590604 -0.07102272727272729
0.148993288590604 -0.06960227272727271
0.15167785234899323 -0.07102272727272729
0.1624161073825503 -0.06818181818181823
0.1624161073825503 -0.06676136363636365
0.1624161073825503 -0.05965909090909094
0.16510067114093951 -0.05539772727272729
0.16778523489932895 -0.05539772727272729
0.18657718120805367 -0.05539772727272729
0.18657718120805367 -0.05965909090909094
0.18926174496644288 -0.06392045454545459
0.18389261744966445 -0.06676136363636365
0.1785234899328858 -0.06392045454545459
0.1758389261744966 -0.061079545454545414
0.16510067114093951 -0.061079545454545414
0.1785234899328858 -0.058238636363636354
0.18389261744966445 -0.05255681818181823
0.18657718120805367 -0.05255681818181823
0.19731543624161074 -0.046875
0.19731543624161074 -0.04403409090909094
0.19731543624161074 -0.046875
0.20268456375838917 -0.048295454545454586
0.19731543624161074 -0.05255681818181823
0.19731543624161074 -0.051136363636363646
0.19731543624161074 -0.05255681818181823
0.18389261744966445 -0.05397727272727271
0.18657718120805367 -0.051136363636363646
0.18389261744966445 -0.048295454545454586
0.19731543624161074 -0.048295454545454586
0.19463087248322153 -0.045454545454545414
0.2053691275167786 -0.04403409090909094
0.21342281879194624 -0.03835227272727271
0.21073825503355703 -0.04119318181818177
0.21073825503355703 -0.03835227272727271
0.20805369127516782 -0.03977272727272729
0.20805369127516782 -0.045454545454545414
0.21073825503355703 -0.042613636363636354
0.21073825503355703 -0.042613636363636354
0.20268456375838917 -0.045454545454545414
0.2053691275167786 -0.03835227272727271
0.21610738255033568 -0.03409090909090906
0.22684563758389253 -0.029829545454545414
0.23221476510067118 -0.017045454545454586
0.24563758389261747 -0.017045454545454586
0.24295302013422826 -0.01278409090909094
0.2510067114093959 -0.015625
0.25369127516778534 -0.011363636363636354
0.2510067114093959 -0.014204545454545414
0.2510067114093959 -0.01278409090909094
0.25369127516778534 -0.017045454545454586
0.2671140939597316 -0.01278409090909094
0.2671140939597316 -0.008522727272727293
0.27516778523489926 -0.0028409090909090606
0.27516778523489926 0.0
0.2805369127516779 0.007102272727272707
0.291275167785235 0.011363636363636465
0.2966442953020134 0.009943181818181879
0.30201342281879184 0.011363636363636465
0.3046979865771813 0.014204545454545414
0.3100671140939597 0.011363636363636465
0.31543624161073835 0.012784090909090828
0.31812080536912757 0.014204545454545414
0.3127516778523489 0.019886363636363535
0.33154362416107386 0.02556818181818188
0.3261744966442952 0.029829545454545414
0.34496644295302015 0.03835227272727271
0.35838926174496644 0.042613636363636465
0.36375838926174486 0.048295454545454586
0.3798657718120806 0.051136363636363535
0.3932885906040269 0.05397727272727271
0.40134228187919474 0.05397727272727271
0.3986577181208053 0.058238636363636465
0.3959731543624161 0.05255681818181812
0.3825503355704698 0.05965909090909083
0.40134228187919474 0.0625
0.40402684563758395 0.06818181818181812
0.42013422818791946 0.07102272727272729
0.4281879194630873 0.078125
0.4389261744966444 0.08096590909090917
0.44966442953020125 0.09090909090909083
0.4604026845637583 0.09375
0.4711409395973154 0.09517045454545459
0.4604026845637583 0.09232954545454541
0.465771812080537 0.08948863636363646
0.4711409395973154 0.08664772727272729
0.465771812080537 0.09090909090909083
0.46308724832214776 0.08948863636363646
0.4577181208053691 0.09232954545454541
0.4604026845637583 0.09375
0.46308724832214776 0.09517045454545459
0.46308724832214776 0.10227272727272729
0.4738255033557046 0.10227272727272729
0.4738255033557046 0.09659090909090917
0.4684563758389262 0.09090909090909083
0.465771812080537 0.08806818181818188
0.4550335570469799 0.08096590909090917
0.4389261744966444 0.07670454545454541
0.4281879194630873 0.06676136363636354
0.41476510067114103 0.0625
0.40402684563758395 0.051136363636363535
0.38791946308724823 0.051136363636363535
0.37449664429530194 0.045454545454545414
0.36375838926174486 0.03977272727272729
0.353020134228188 0.032670454545454586
0.34765100671140936 0.024147727272727293
0.32885906040268464 0.014204545454545414
0.31812080536912757 0.0042613636363635354
0.2966442953020134 -0.0028409090909090606
0.2805369127516779 -0.014204545454545414
0.26979865771812084 -0.01846590909090906
0.25369127516778534 -0.029829545454545414
0.2348993288590604 -0.03125
0.23221476510067118 -0.03125
0.23221476510067118 -0.03693181818181823
0.22953020134228197 -0.03409090909090906
0.2187919463087249 -0.03693181818181823
0.21342281879194624 -0.042613636363636354
0.20268456375838917 -0.048295454545454586
0.19463087248322153 -0.051136363636363646
0.19999999999999996 -0.05681818181818177
0.18389261744966445 -0.061079545454545414
0.1758389261744966 -0.06534090909090906
0.1785234899328858 -0.06534090909090906
0.1758389261744966 -0.06818181818181823
0.1758389261744966 -0.06534090909090906
0.18389261744966445 -0.0625
0.18120805369127524 -0.06534090909090906
0.18120805369127524 -0.05965909090909094
0.18389261744966445 -0.05965909090909094
0.18120805369127524 -0.06534090909090906
0.1758389261744966 -0.06534090909090906
0.16778523489932895 -0.06960227272727271
0.17315436241610738 -0.07102272727272729
0.1758389261744966 -0.07528409090909094
0.16510067114093951 -0.07386363636363635
0.16778523489932895 -0.07528409090909094
0.16778523489932895 -0.07244318181818177
0.17315436241610738 -0.06818181818181823
0.1785234899328858 -0.06676136363636365
0.1758389261744966 -0.06534090909090906
0.17315436241610738 -0.06676136363636365
0.1785234899328858 -0.06818181818181823
0.17046979865771816 -0.07386363636363635
0.17315436241610738 -0.07244318181818177
0.16778523489932895 -0.07244318181818177
0.16778523489932895 -0.07670454545454541
0.15704697986577187 -0.07954545454545459
0.15167785234899323 -0.07670454545454541
0.1597315436241611 -0.078125
0.15704697986577187 -0.07244318181818177
0.1597315436241611 -0.07102272727272729
0.16778523489932895 -0.06676136363636365
0.17046979865771816 -0.06676136363636365
0.17046979865771816 -0.06960227272727271
0.17315436241610738 -0.06534090909090906
0.17046979865771816 -0.07386363636363635
0.16510067114093951 -0.07386363636363635
0.16510067114093951 -0.07386363636363635
0.1624161073825503 -0.07528409090909094
0.15167785234899323 -0.07244318181818177
0.15704697986577187 -0.07102272727272729
0.15704697986577187 -0.07102272727272729
0.1597315436241611 -0.06392045454545459
0.15704697986577187 -0.061079545454545414
0.16778523489932895 -0.06960227272727271
0.16778523489932895 -0.06818181818181823
0.17315436241610738 -0.06818181818181823
0.1624161073825503 -0.06818181818181823
0.15436241610738266 -0.07386363636363635
0.148993288590604 -0.07386363636363635
0.148993288590604 -0.07670454545454541
0.1463087248322148 -0.078125
0.148993288590604 -0.07102272727272729
0.15436241610738266 -0.07244318181818177
0.15436241610738266 -0.06676136363636365
0.1597315436241611 -0.0625
0.15436241610738266 -0.06676136363636365
0.15167785234899323 -0.06818181818181823
0.15436241610738266 -0.07386363636363635
0.148993288590604 -0.078125
0.148993288590604 -0.07954545454545459
0.14362416107382558 -0.08522727272727271
0.14093959731543615 -0.08096590909090906
0.14093959731543615 -0.08096590909090906
0.148993288590604 -0.07954545454545459
0.148993288590604 -0.07528409090909094
0.148993288590604 -0.07528409090909094
0.148993288590604 -0.07244318181818177
0.14093959731543615 -0.07670454545454541
0.14093959731543615 -0.078125
0.148993288590604 -0.08096590909090906
0.13825503355704694 -0.08948863636363635
0.13557046979865772 -0.08522727272727271
0.13557046979865772 -0.08806818181818177
0.12483221476510065 -0.08806818181818177
0.12483221476510065 -0.08948863636363635
0.12214765100671143 -0.08380681818181823
0.1328859060402685 -0.08522727272727271
0.13825503355704694 -0.08522727272727271
0.14362416107382558 -0.07670454545454541
0.14093959731543615 -0.08096590909090906
0.14093959731543615 -0.08664772727272729
0.14362416107382558 -0.08522727272727271
0.13557046979865772 -0.08664772727272729
0.12751677852348986 -0.08522727272727271
0.12214765100671143 -0.08806818181818177
0.11946308724832222 -0.08948863636363635
0.11946308724832222 -0.08948863636363635
0.12483221476510065 -0.08806818181818177
0.12214765100671143 -0.08522727272727271
0.12214765100671143 -0.08806818181818177
0.1302013422818793 -0.07954545454545459
0.1302013422818793 -0.08238636363636365
0.1302013422818793 -0.09090909090909094
0.1302013422818793 -0.08522727272727271
0.12214765100671143 -0.08806818181818177
0.12483221476510065 -0.08948863636363635
0.11946308724832222 -0.09090909090909094
0.11677852348993278 -0.08806818181818177
0.11140939597315436 -0.09517045454545459
0.12483221476510065 -0.09090909090909094
0.1302013422818793 -0.08806818181818177
0.12483221476510065 -0.08664772727272729
0.13557046979865772 -0.08664772727272729
0.13557046979865772 -0.08238636363636365
0.1328859060402685 -0.08948863636363635
0.1328859060402685 -0.08664772727272729
0.1328859060402685 -0.09375
0.1302013422818793 -0.09375
0.11946308724832222 -0.09375
0.12214765100671143 -0.09943181818181823
0.11409395973154357 -0.09517045454545459
0.11140939597315436 -0.09375
0.12751677852348986 -0.09232954545454541
0.1302013422818793 -0.08522727272727271
0.1328859060402685 -0.08664772727272729
0.13557046979865772 -0.08380681818181823
0.13557046979865772 -0.08806818181818177
0.13825503355704694 -0.08948863636363635
0.12751677852348986 -0.09517045454545459
0.12751677852348986 -0.09232954545454541
0.12751677852348986 -0.09801136363636365
0.11946308724832222 -0.09517045454545459
0.12214765100671143 -0.09375
0.12214765100671143 -0.09090909090909094
0.12751677852348986 -0.08664772727272729
0.13825503355704694 -0.08522727272727271
0.14093959731543615 -0.08238636363636365
0.14093959731543615 -0.08238636363636365
0.13825503355704694 -0.08806818181818177
0.13557046979865772 -0.08806818181818177
0.13557046979865772 -0.08948863636363635
0.13557046979865772 -0.09659090909090906
0.12751677852348986 -0.09801136363636365
0.12751677852348986 -0.09943181818181823
0.11946308724832222 -0.09659090909090906
0.11677852348993278 -0.09375
0.13557046979865772 -0.09232954545454541
0.1328859060402685 -0.08948863636363635
0.13825503355704694 -0.08806818181818177
0.13557046979865772 -0.08664772727272729
0.1328859060402685 -0.08948863636363635
0.1328859060402685 -0.09232954545454541
0.12751677852348986 -0.09375
0.12483221476510065 -0.09659090909090906
0.12751677852348986 -0.09659090909090906
0.12483221476510065 -0.09943181818181823
0.11946308724832222 -0.09801136363636365
0.12483221476510065 -0.09517045454545459
0.12483221476510065 -0.09517045454545459
0.1328859060402685 -0.09375
0.1328859060402685 -0.08948863636363635
0.13557046979865772 -0.08948863636363635
0.1302013422818793 -0.09232954545454541
0.11677852348993278 -0.09517045454545459
0.11409395973154357 -0.09517045454545459
0.11677852348993278 -0.09943181818181823
0.10872483221476514 -0.09943181818181823
0.10872483221476514 -0.10085227272727271
0.11409395973154357 -0.09943181818181823
0.12483221476510065 -0.10227272727272729
0.12483221476510065 -0.09232954545454541
0.1328859060402685 -0.08948863636363635
0.1302013422818793 -0.08948863636363635
0.13557046979865772 -0.08948863636363635
0.13825503355704694 -0.09090909090909094
0.14093959731543615 -0.09659090909090906
0.12751677852348986 -0.09801136363636365
0.13557046979865772 -0.10085227272727271
0.12751677852348986 -0.10227272727272729
0.12214765100671143 -0.10511363636363635
0.11677852348993278 -0.09943181818181823
0.12751677852348986 -0.09375
0.1328859060402685 -0.09375
0.13825503355704694 -0.09375
0.148993288590604 -0.08806818181818177
0.148993288590604 -0.08806818181818177
0.1463087248322148 -0.09659090909090906
0.148993288590604 -0.09801136363636365
0.14093959731543615 -0.09801136363636365
0.14093959731543615 -0.10085227272727271
0.13825503355704694 -0.10369318181818177
0.12214765100671143 -0.10369318181818177
0.12751677852348986 -0.10227272727272729
0.12751677852348986 -0.09943181818181823
0.1302013422818793 -0.09517045454545459
0.13557046979865772 -0.09517045454545459
0.13825503355704694 -0.09659090909090906
0.15167785234899323 -0.09375
0.1463087248322148 -0.09659090909090906
0.13825503355704694 -0.10085227272727271
0.1302013422818793 -0.10511363636363635
0.12751677852348986 -0.10369318181818177
0.12751677852348986 -0.10653409090909094
0.11677852348993278 -0.10369318181818177
0.12214765100671143 -0.10369318181818177
0.1328859060402685 -0.10227272727272729
0.13825503355704694 -0.09375
0.14362416107382558 -0.09517045454545459
0.14093959731543615 -0.09375
0.148993288590604 -0.09232954545454541
0.15167785234899323 -0.09801136363636365
0.15167785234899323 -0.09801136363636365
0.1463087248322148 -0.10085227272727271
0.1463087248322148 -0.10653409090909094
0.15167785234899323 -0.10653409090909094
0.148993288590604 -0.10653409090909094
0.15167785234899323 -0.109375
0.1597315436241611 -0.10369318181818177
0.15704697986577187 -0.10227272727272729
0.16510067114093951 -0.10085227272727271
0.17315436241610738 -0.09659090909090906
0.18657718120805367 -0.09517045454545459
0.19463087248322153 -0.09375
0.20268456375838917 -0.08806818181818177
0.20268456375838917 -0.09517045454545459
0.20805369127516782 -0.08948863636363635
0.20268456375838917 -0.08522727272727271
0.20268456375838917 -0.08522727272727271
0.20268456375838917 -0.07954545454545459
0.19731543624161074 -0.07386363636363635
0.18926174496644288 -0.06960227272727271
0.18926174496644288 -0.06818181818181823
0.19463087248322153 -0.06818181818181823
0.19194630872483232 -0.06676136363636365
0.19999999999999996 -0.06676136363636365
0.18926174496644288 -0.06818181818181823
0.18389261744966445 -0.07386363636363635
0.16510067114093951 -0.078125
0.15436241610738266 -0.07954545454545459
0.14362416107382558 -0.07954545454545459
0.1328859060402685 -0.08380681818181823
0.13825503355704694 -0.08380681818181823
0.1302013422818793 -0.08380681818181823
0.13557046979865772 -0.09090909090909094
0.13825503355704694 -0.08806818181818177
0.13557046979865772 -0.09517045454545459
0.14093959731543615 -0.10085227272727271
0.13557046979865772 -0.10227272727272729
0.1328859060402685 -0.10369318181818177
0.12214765100671143 -0.10511363636363635
0.12483221476510065 -0.109375
0.11677852348993278 -0.11079545454545459
0.11946308724832222 -0.10795454545454541
0.11946308724832222 -0.10511363636363635
0.11946308724832222 -0.10795454545454541
0.12751677852348986 -0.10511363636363635
0.12483221476510065 -0.10511363636363635
0.12751677852348986 -0.10653409090909094
0.12751677852348986 -0.10653409090909094
0.12751677852348986 -0.109375
0.1302013422818793 -0.11221590909090906
0.12483221476510065 -0.11647727272727271
0.12214765100671143 -0.11505681818181823
0.12214765100671143 -0.11789772727272729
0.10872483221476514 -0.11505681818181823
0.11677852348993278 -0.11363636363636365
0.1302013422818793 -0.11221590909090906
0.14093959731543615 -0.11079545454545459
0.13825503355704694 -0.11079545454545459
0.15167785234899323 -0.10795454545454541
0.14093959731543615 -0.10511363636363635
0.1328859060402685 -0.109375
0.1328859060402685 -0.11363636363636365
0.14093959731543615 -0.11505681818181823
0.148993288590604 -0.12073863636363635
0.1758389261744966 -0.11079545454545459
0.21073825503355703 -0.10227272727272729
0.2805369127516779 -0.06534090909090906
0.353020134228188 -0.019886363636363646
0.4255033557046979 0.03409090909090917
0.5114093959731543 0.09375
0.5785234899328859 0.1477272727272727
0.621476510067114 0.2102272727272727
0.6268456375838927 0.2642045454545454
0.5919463087248322 0.30113636363636354
0.5140939597315437 0.30823863636363646
0.40134228187919474 0.2897727272727273
0.2778523489932887 0.23579545454545459
0.14362416107382558 0.15625
0.014765100671140896 0.06818181818181812
-0.09261744966442953 -0.025568181818181768
-0.148993288590604 -0.10795454545454541
-0.1597315436241611 -0.15767045454545459
-0.12483221476510065 -0.17045454545454541
-0.06577181208053695 -0.15482954545454541
-0.012080536912751683 -0.125
0.03087248322147662 -0.10795454545454541
0.055033557046979764 -0.09375
0.07114093959731549 -0.09375
0.08724832214765099 -0.09232954545454541
0.10067114093959728 -0.09943181818181823
0.10872483221476514 -0.09801136363636365
0.13557046979865772 -0.10227272727272729
0.14362416107382558 -0.09943181818181823
0.15167785234899323 -0.09943181818181823
0.15436241610738266 -0.09659090909090906
0.1597315436241611 -0.10369318181818177
0.15436241610738266 -0.10511363636363635
0.1463087248322148 -0.11363636363636365
0.14362416107382558 -0.11079545454545459
0.13825503355704694 -0.11647727272727271
0.14093959731543615 -0.11647727272727271
0.14093959731543615 -0.11789772727272729
0.148993288590604 -0.11221590909090906
0.148993288590604 -0.10653409090909094
0.1624161073825503 -0.10653409090909094
0.17046979865771816 -0.09801136363636365
0.17315436241610738 -0.10085227272727271
0.1597315436241611 -0.10085227272727271
0.16778523489932895 -0.10795454545454541
0.1597315436241611 -0.10511363636363635
0.15704697986577187 -0.11363636363636365
0.15167785234899323 -0.10511363636363635
0.1624161073825503 -0.109375
0.1624161073825503 -0.10511363636363635
0.15704697986577187 -0.10227272727272729
0.15704697986577187 -0.09801136363636365
0.16778523489932895 -0.10085227272727271
0.18389261744966445 -0.09517045454545459
0.18389261744966445 -0.09517045454545459
0.18657718120805367 -0.09232954545454541
0.18389261744966445 -0.10085227272727271
0.18120805369127524 -0.10085227272727271
0.18120805369127524 -0.10085227272727271
0.18120805369127524 -0.09943181818181823
0.1785234899328858 -0.10227272727272729
0.1785234899328858 -0.10227272727272729
0.17315436241610738 -0.09375
0.1785234899328858 -0.09232954545454541
0.19194630872483232 -0.09090909090909094
0.19999999999999996 -0.08522727272727271
0.19999999999999996 -0.08096590909090906
0.20268456375838917 -0.08948863636363635
0.20268456375838917 -0.08522727272727271
0.19999999999999996 -0.08948863636363635
0.19731543624161074 -0.08806818181818177
0.18657718120805367 -0.08948863636363635
0.18926174496644288 -0.08948863636363635
0.19463087248322153 -0.08664772727272729
0.19999999999999996 -0.08096590909090906
0.19999999999999996 -0.07954545454545459
0.21342281879194624 -0.07528409090909094
0.21610738255033568 -0.07528409090909094
0.2214765100671141 -0.07528409090909094
0.22416107382550332 -0.06960227272727271
0.2214765100671141 -0.06960227272727271
0.2214765100671141 -0.07102272727272729
0.22684563758389253 -0.07102272727272729
0.2187919463087249 -0.07102272727272729
0.22416107382550332 -0.07102272727272729
0.22684563758389253 -0.06818181818181823
0.2187919463087249 -0.0625
0.2348993288590604 -0.05681818181818177
0.25637583892617455 -0.05681818181818177
0.25637583892617455 -0.048295454545454586
0.261744966442953 -0.04403409090909094
0.2778523489932887 -0.048295454545454586
0.2778523489932887 -0.045454545454545414
0.2832214765100671 -0.04403409090909094
0.2832214765100671 -0.04403409090909094
0.2805369127516779 -0.03835227272727271
0.2832214765100671 -0.035511363636363646
0.2939597315436242 -0.03125
0.3073825503355705 -0.029829545454545414
0.3208053691275168 -0.019886363636363646
0.33154362416107386 -0.014204545454545414
0.34228187919463093 -0.008522727272727293
0.3557046979865772 -0.005681818181818232
0.3557046979865772 -0.0042613636363636465
0.36107382550335565 0.0
0.36107382550335565 -0.0042613636363636465
0.36375838926174486 -0.005681818181818232
0.3664429530201343 0.0
0.37449664429530194 0.0014204545454545858
0.3798657718120806 0.0028409090909091717
0.385234899328859 0.012784090909090828
0.3932885906040269 0.01846590909090917
0.40402684563758395 0.02130681818181812
0.4120805369127516 0.02556818181818188
0.42281879194630867 0.02556818181818188
0.4120805369127516 0.024147727272727293
0.42281879194630867 0.02556818181818188
0.4255033557046979 0.01846590909090917
0.4281879194630873 0.01846590909090917
0.41476510067114103 0.01846590909090917
0.4093959731543624 0.014204545454545414
0.4093959731543624 0.017045454545454586
0.41476510067114103 0.02130681818181812
0.4120805369127516 0.015625
0.40671140939597317 0.01846590909090917
0.4093959731543624 0.017045454545454586
0.40402684563758395 0.008522727272727293
0.40402684563758395 0.005681818181818121
0.3932885906040269 -0.008522727272727293
0.37449664429530194 -0.017045454545454586
0.3503355704697986 -0.021306818181818232
0.34228187919463093 -0.02840909090909094
0.31543624161073835 -0.035511363636363646
0.30201342281879184 -0.042613636363636354
0.291275167785235 -0.046875
0.28590604026845634 -0.05255681818181823
0.27248322147651005 -0.05539772727272729
0.25637583892617455 -0.05681818181818177
0.2510067114093959 -0.0625
0.24295302013422826 -0.07244318181818177
0.22953020134228197 -0.08096590909090906
0.21073825503355703 -0.08664772727272729
0.2053691275167786 -0.09659090909090906
0.18657718120805367 -0.10227272727272729
0.1624161073825503 -0.10653409090909094
0.1597315436241611 -0.10795454545454541
0.1597315436241611 -0.11079545454545459
0.1597315436241611 -0.11221590909090906
0.15436241610738266 -0.11363636363636365
0.15436241610738266 -0.10795454545454541
0.15436241610738266 -0.11789772727272729
0.15167785234899323 -0.11505681818181823
0.1463087248322148 -0.12073863636363635
0.1302013422818793 -0.12642045454545459
0.1302013422818793 -0.125
0.12214765100671143 -0.13636363636363635
0.11677852348993278 -0.13920454545454541
0.10872483221476514 -0.13778409090909094
0.11140939597315436 -0.1321022727272727
0.12214765100671143 -0.1321022727272727
0.12214765100671143 -0.1321022727272727
0.11409395973154357 -0.13068181818181823
0.1302013422818793 -0.13068181818181823
0.1302013422818793 -0.13636363636363635
0.12214765100671143 -0.13494318181818177
0.12483221476510065 -0.13920454545454541
0.11677852348993278 -0.14204545454545459
0.11946308724832222 -0.13920454545454541
0.11409395973154357 -0.14346590909090906
0.11946308724832222 -0.14204545454545459
0.11409395973154357 -0.13920454545454541
0.11946308724832222 -0.13920454545454541
0.11409395973154357 -0.13068181818181823
0.12751677852348986 -0.13636363636363635
0.14093959731543615 -0.13068181818181823
0.13557046979865772 -0.13920454545454541
0.13557046979865772 -0.13778409090909094
0.1328859060402685 -0.140625
0.1328859060402685 -0.13778409090909094
0.12214765100671143 -0.14346590909090906
0.12483221476510065 -0.14346590909090906
0.11946308724832222 -0.14346590909090906
0.12751677852348986 -0.13920454545454541
0.1302013422818793 -0.13778409090909094
0.13557046979865772 -0.1335227272727273
0.13825503355704694 -0.13068181818181823
0.1463087248322148 -0.13068181818181823
0.13825503355704694 -0.13636363636363635
0.13557046979865772 -0.13636363636363635
0.1328859060402685 -0.13778409090909094
0.1302013422818793 -0.140625
0.12214765100671143 -0.14204545454545459
0.12214765100671143 -0.14488636363636365
0.11946308724832222 -0.14346590909090906
0.12214765100671143 -0.14346590909090906
0.1302013422818793 -0.13494318181818177
0.13557046979865772 -0.1335227272727273
0.13825503355704694 -0.13636363636363635
0.13825503355704694 -0.13778409090909094
0.13825503355704694 -0.13778409090909094
0.14362416107382558 -0.13920454545454541
0.12751677852348986 -0.14204545454545459
0.12214765100671143 -0.14488636363636365
0.11946308724832222 -0.1491477272727273
0.11140939597315436 -0.1477272727272727
0.10604026845637593 -0.15056818181818177
0.10067114093959728 -0.14630681818181823
0.11140939597315436 -0.14204545454545459
0.11677852348993278 -0.13920454545454541
0.11140939597315436 -0.13636363636363635
0.10604026845637593 -0.13778409090909094
0.10872483221476514 -0.140625
0.11140939597315436 -0.14630681818181823
0.11140939597315436 -0.14630681818181823
0.10604026845637593 -0.15056818181818177
0.10067114093959728 -0.15198863636363635
0.09261744966442964 -0.15198863636363635
0.08724832214765099 -0.15198863636363635
0.0899328859060402 -0.15056818181818177
0.09261744966442964 -0.14488636363636365
0.09530201342281885 -0.14488636363636365
0.09798657718120807 -0.14488636363636365
0.10604026845637593 -0.14204545454545459
0.10067114093959728 -0.1491477272727273
0.09530201342281885 -0.1477272727272727
0.09798657718120807 -0.15198863636363635
0.0899328859060402 -0.15909090909090906
0.08724832214765099 -0.15767045454545459
0.08456375838926178 -0.15340909090909094
0.07651006711409392 -0.15767045454545459
0.07919463087248313 -0.15198863636363635
0.0899328859060402 -0.15340909090909094
0.09798657718120807 -0.1491477272727273
0.09798657718120807 -0.1477272727272727
0.1033557046979865 -0.1491477272727273
0.0899328859060402 -0.1491477272727273
0.09798657718120807 -0.1491477272727273
0.09261744966442964 -0.15340909090909094
0.09261744966442964 -0.15625
0.08724832214765099 -0.16193181818181823
0.07919463087248313 -0.15909090909090906
0.07114093959731549 -0.16051136363636365
0.0738255033557047 -0.15767045454545459
0.07651006711409392 -0.15767045454545459
0.08724832214765099 -0.15482954545454541
0.09530201342281885 -0.15198863636363635
0.1033557046979865 -0.15340909090909094
0.09530201342281885 -0.15482954545454541
0.0899328859060402 -0.15625
0.08456375838926178 -0.15909090909090906
0.08187919463087256 -0.15909090909090906
0.0738255033557047 -0.1647727272727273
0.07114093959731549 -0.1647727272727273
0.07114093959731549 -0.16193181818181823
0.0738255033557047 -0.1633522727272727
0.08456375838926178 -0.15909090909090906
0.08456375838926178 -0.15767045454545459
0.0899328859060402 -0.15198863636363635
0.0899328859060402 -0.15340909090909094
0.08456375838926178 -0.15482954545454541
0.08187919463087256 -0.15909090909090906
0.07919463087248313 -0.16193181818181823
0.07114093959731549 -0.1647727272727273
0.06308724832214763 -0.16619318181818177
0.07114093959731549 -0.1647727272727273
0.06577181208053684 -0.1633522727272727
0.06040268456375841 -0.1633522727272727
0.0738255033557047 -0.15909090909090906
0.06577181208053684 -0.15625
0.08456375838926178 -0.15482954545454541
0.0899328859060402 -0.15767045454545459
0.08724832214765099 -0.15340909090909094
0.08456375838926178 -0.15482954545454541
0.08456375838926178 -0.15909090909090906
0.07919463087248313 -0.16619318181818177
0.06577181208053684 -0.16619318181818177
0.06845637583892628 -0.1647727272727273
0.06845637583892628 -0.1647727272727273
0.06845637583892628 -0.15909090909090906
0.06577181208053684 -0.15340909090909094
0.06308724832214763 -0.15482954545454541
0.07651006711409392 -0.15482954545454541
0.08187919463087256 -0.15482954545454541
0.07919463087248313 -0.15767045454545459
0.0738255033557047 -0.15625
0.06845637583892628 -0.15625
0.06845637583892628 -0.1633522727272727
0.06577181208053684 -0.16761363636363635
0.07114093959731549 -0.1633522727272727
0.06308724832214763 -0.16903409090909094
0.055033557046979764 -0.16193181818181823
0.06308724832214763 -0.15767045454545459
0.07919463087248313 -0.15909090909090906
0.07919463087248313 -0.15340909090909094
0.0899328859060402 -0.15482954545454541
0.08456375838926178 -0.15482954545454541
0.08187919463087256 -0.15909090909090906
0.07919463087248313 -0.15767045454545459
0.08187919463087256 -0.16193181818181823
0.07919463087248313 -0.1647727272727273
0.07919463087248313 -0.16051136363636365
0.06577181208053684 -0.16051136363636365
0.0738255033557047 -0.15909090909090906
0.07919463087248313 -0.15909090909090906
0.08456375838926178 -0.16051136363636365
0.08456375838926178 -0.15909090909090906
0.09530201342281885 -0.15767045454545459
0.08724832214765099 -0.16051136363636365
0.08456375838926178 -0.1633522727272727
0.08187919463087256 -0.16761363636363635
0.07919463087248313 -0.16619318181818177
0.07919463087248313 -0.17045454545454541
0.06845637583892628 -0.17045454545454541
0.06040268456375841 -0.171875
0.06308724832214763 -0.16193181818181823
0.0738255033557047 -0.15909090909090906
0.08456375838926178 -0.15909090909090906
0.08187919463087256 -0.15056818181818177
0.08456375838926178 -0.15340909090909094
0.08456375838926178 -0.15625
0.08724832214765099 -0.15625
0.07651006711409392 -0.1647727272727273
0.0738255033557047 -0.16193181818181823
0.06845637583892628 -0.1633522727272727
0.0738255033557047 -0.16619318181818177
0.06845637583892628 -0.1633522727272727
0.0738255033557047 -0.16051136363636365
0.07651006711409392 -0.16051136363636365
0.0738255033557047 -0.15482954545454541
0.07919463087248313 -0.15482954545454541
0.08187919463087256 -0.15482954545454541
0.07919463087248313 -0.15625
0.07651006711409392 -0.15909090909090906
0.07919463087248313 -0.15625
0.0738255033557047 -0.16051136363636365
0.06845637583892628 -0.16761363636363635
0.07114093959731549 -0.16761363636363635
0.07114093959731549 -0.16193181818181823
0.07114093959731549 -0.15767045454545459
0.06845637583892628 -0.15340909090909094
0.07651006711409392 -0.15340909090909094
0.08456375838926178 -0.15767045454545459
0.09261744966442964 -0.15482954545454541
0.0899328859060402 -0.15767045454545459
0.08724832214765099 -0.16193181818181823
0.08187919463087256 -0.16193181818181823
0.07919463087248313 -0.1633522727272727
0.0738255033557047 -0.1633522727272727
0.07114093959731549 -0.16051136363636365
0.07651006711409392 -0.1633522727272727
0.07919463087248313 -0.1633522727272727
0.07919463087248313 -0.15198863636363635
0.08187919463087256 -0.15767045454545459
0.08187919463087256 -0.15767045454545459
0.09261744966442964 -0.15340909090909094
0.07919463087248313 -0.15482954545454541
0.08456375838926178 -0.15767045454545459
0.07114093959731549 -0.1633522727272727
0.07919463087248313 -0.16761363636363635
0.07651006711409392 -0.1647727272727273
0.0738255033557047 -0.16193181818181823
0.07651006711409392 -0.16619318181818177
0.07651006711409392 -0.15767045454545459
0.08456375838926178 -0.15767045454545459
0.08456375838926178 -0.15340909090909094
0.08456375838926178 -0.15340909090909094
0.09798657718120807 -0.15625
0.09798657718120807 -0.15482954545454541
0.09530201342281885 -0.15625
0.10067114093959728 -0.15767045454545459
0.10067114093959728 -0.16619318181818177
0.10604026845637593 -0.16761363636363635
0.10604026845637593 -0.1647727272727273
0.09798657718120807 -0.16761363636363635
0.1033557046979865 -0.16193181818181823
0.11140939597315436 -0.15767045454545459
0.12483221476510065 -0.15482954545454541
0.12751677852348986 -0.1491477272727273
0.15436241610738266 -0.14630681818181823
0.15436241610738266 -0.14346590909090906
0.1624161073825503 -0.14204545454545459
0.1597315436241611 -0.140625
0.15167785234899323 -0.13778409090909094
0.15704697986577187 -0.13778409090909094
0.15436241610738266 -0.12926136363636365
0.14362416107382558 -0.125
0.1328859060402685 -0.12215909090909094
0.1302013422818793 -0.11931818181818177
0.14362416107382558 -0.11505681818181823
0.14362416107382558 -0.11363636363636365
0.148993288590604 -0.11647727272727271
0.14093959731543615 -0.11647727272727271
0.1302013422818793 -0.12215909090909094
0.11677852348993278 -0.12073863636363635
0.1033557046979865 -0.12642045454545459
0.10067114093959728 -0.12926136363636365
0.0899328859060402 -0.13778409090909094
0.08187919463087256 -0.140625
0.07919463087248313 -0.14346590909090906
0.07919463087248313 -0.14204545454545459
0.08724832214765099 -0.14204545454545459
0.07651006711409392 -0.14204545454545459
0.08724832214765099 -0.14204545454545459
0.08456375838926178 -0.14488636363636365
0.08456375838926178 -0.1491477272727273
0.07651006711409392 -0.15482954545454541
0.0738255033557047 -0.15198863636363635
0.06577181208053684 -0.15625
0.0577181208053692 -0.1633522727272727
0.0577181208053692 -0.15767045454545459
0.06040268456375841 -0.15625
0.06040268456375841 -0.15909090909090906
0.06308724832214763 -0.15625
0.06845637583892628 -0.14630681818181823
0.0738255033557047 -0.15340909090909094
0.0738255033557047 -0.15340909090909094
0.0738255033557047 -0.15625
0.0738255033557047 -0.16051136363636365
0.06040268456375841 -0.15482954545454541
0.0577181208053692 -0.16193181818181823
0.055033557046979764 -0.16051136363636365
0.055033557046979764 -0.15625
0.06308724832214763 -0.15767045454545459
0.06845637583892628 -0.15340909090909094
0.07651006711409392 -0.15056818181818177
0.07651006711409392 -0.14630681818181823
0.08187919463087256 -0.1491477272727273
0.07919463087248313 -0.15056818181818177
0.09530201342281885 -0.15625
0.11140939597315436 -0.15340909090909094
0.148993288590604 -0.1491477272727273
0.18120805369127524 -0.13068181818181823
0.2375838926174496 -0.10085227272727271
0.3127516778523489 -0.05539772727272729
0.3771812080536914 0.005681818181818121
0.4550335570469799 0.07102272727272729
0.5221476510067113 0.13636363636363646
0.5543624161073826 0.19744318181818188
0.5570469798657718 0.2514204545454546
0.5033557046979866 0.27840909090909083
0.40671140939597317 0.26988636363636354
0.28590604026845634 0.22017045454545459
0.15167785234899323 0.140625
0.02281879194630876 0.046875
-0.09261744966442953 -0.058238636363636354
-0.16510067114093963 -0.1477272727272727
-0.18389261744966445 -0.203125
-0.1597315436241611 -0.2116477272727273
-0.1033557046979866 -0.19318181818181823
-0.04966442953020134 -0.16051136363636365
0.0013422818791946067 -0.140625
0.01744966442953011 -0.125
0.03892617449664426 -0.12215909090909094
0.05234899328859055 -0.12926136363636365
0.06040268456375841 -0.13636363636363635
0.07651006711409392 -0.14488636363636365
0.07919463087248313 -0.14346590909090906
0.07919463087248313 -0.14204545454545459
0.08187919463087256 -0.13920454545454541
0.08456375838926178 -0.14346590909090906
0.07919463087248313 -0.140625
0.0899328859060402 -0.13778409090909094
0.09530201342281885 -0.13494318181818177
0.10067114093959728 -0.13494318181818177
0.09798657718120807 -0.13778409090909094
0.10604026845637593 -0.140625
0.09261744966442964 -0.13778409090909094
0.1033557046979865 -0.14346590909090906
0.10067114093959728 -0.14346590909090906
0.09261744966442964 -0.13920454545454541
0.09798657718120807 -0.13636363636363635
0.09798657718120807 -0.1335227272727273
0.10604026845637593 -0.1321022727272727
0.11140939597315436 -0.12784090909090906
0.12751677852348986 -0.12357954545454541
0.12483221476510065 -0.12926136363636365
0.11946308724832222 -0.13068181818181823
0.12751677852348986 -0.1321022727272727
0.12751677852348986 -0.1335227272727273
0.12214765100671143 -0.13494318181818177
0.11677852348993278 -0.12926136363636365
0.11140939597315436 -0.13068181818181823
0.11409395973154357 -0.12784090909090906
0.11677852348993278 -0.125
0.11946308724832222 -0.12357954545454541
0.1302013422818793 -0.11789772727272729
0.14093959731543615 -0.11505681818181823
0.14093959731543615 -0.11505681818181823
0.13825503355704694 -0.11789772727272729
0.13557046979865772 -0.11505681818181823
0.13557046979865772 -0.11931818181818177
0.13825503355704694 -0.11931818181818177
0.13557046979865772 -0.12073863636363635
0.12751677852348986 -0.11789772727272729
0.13825503355704694 -0.11221590909090906
0.14093959731543615 -0.11221590909090906
0.15167785234899323 -0.109375
0.15704697986577187 -0.10227272727272729
0.1624161073825503 -0.10227272727272729
0.15436241610738266 -0.10227272727272729
0.15436241610738266 -0.10085227272727271
0.15704697986577187 -0.09943181818181823
0.15704697986577187 -0.09517045454545459
0.17046979865771816 -0.09517045454545459
0.16510067114093951 -0.09517045454545459
0.16510067114093951 -0.09517045454545459
0.17046979865771816 -0.08948863636363635
0.1758389261744966 -0.08522727272727271
0.18389261744966445 -0.07954545454545459
0.19463087248322153 -0.07528409090909094
0.20268456375838917 -0.07102272727272729
0.19731543624161074 -0.07102272727272729
0.20805369127516782 -0.07244318181818177
0.20805369127516782 -0.07244318181818177
0.20805369127516782 -0.06960227272727271
0.20805369127516782 -0.07244318181818177
0.21342281879194624 -0.06960227272727271
0.21342281879194624 -0.0625
0.21073825503355703 -0.05965909090909094
0.2187919463087249 -0.05255681818181823
0.23221476510067118 -0.051136363636363646
0.24295302013422826 -0.045454545454545414
0.25637583892617455 -0.04119318181818177
0.25906040268456376 -0.03977272727272729
0.2644295302013422 -0.03693181818181823
0.27248322147651005 -0.03409090909090906
0.27248322147651005 -0.03125
0.27516778523489926 -0.03409090909090906
0.2832214765100671 -0.02840909090909094
0.28859060402684555 -0.021306818181818232
0.30201342281879184 -0.014204545454545414
0.3100671140939597 -0.005681818181818232
0.3208053691275168 -0.0028409090909090606
0.3369127516778523 0.0014204545454545858
0.34765100671140936 0.007102272727272707
0.3503355704697986 0.007102272727272707
0.353020134228188 0.008522727272727293
0.3557046979865772 0.008522727272727293
0.35838926174496644 0.009943181818181879
0.35838926174496644 0.008522727272727293
0.3718120805369127 0.014204545454545414
0.37449664429530194 0.012784090909090828
0.3771812080536914 0.01846590909090917
0.3825503355704698 0.017045454545454586
0.3932885906040269 0.02130681818181812
0.3932885906040269 0.022727272727272707
0.4093959731543624 0.026988636363636465
0.4120805369127516 0.024147727272727293
0.4093959731543624 0.029829545454545414
0.4093959731543624 0.024147727272727293
0.3986577181208053 0.017045454545454586
0.40134228187919474 0.009943181818181879
0.39060402684563766 0.008522727272727293
0.3771812080536914 0.0042613636363635354
0.37449664429530194 0.0028409090909091717
0.3664429530201343 -0.0042613636363636465
0.35838926174496644 -0.0028409090909090606
0.353020134228188 -0.005681818181818232
0.3557046979865772 -0.009943181818181768
0.3369127516778523 -0.015625
0.3261744966442952 -0.022727272727272707
0.3073825503355705 -0.03125
0.2939597315436242 -0.03835227272727271
0.2778523489932887 -0.04971590909090906
0.261744966442953 -0.05681818181818177
0.24026845637583882 -0.05965909090909094
0.23221476510067118 -0.06392045454545459
0.22684563758389253 -0.06676136363636365
0.2214765100671141 -0.07102272727272729
0.20805369127516782 -0.06534090909090906
0.20805369127516782 -0.07244318181818177
0.19463087248322153 -0.07954545454545459
0.18389261744966445 -0.08522727272727271
0.17315436241610738 -0.08948863636363635
0.15704697986577187 -0.09943181818181823
0.15167785234899323 -0.10369318181818177
0.15167785234899323 -0.10369318181818177
0.13825503355704694 -0.10511363636363635
0.1328859060402685 -0.10653409090909094
0.1328859060402685 -0.10511363636363635
0.12483221476510065 -0.10653409090909094
0.1302013422818793 -0.10227272727272729
0.13557046979865772 -0.10369318181818177
0.1302013422818793 -0.11079545454545459
0.1302013422818793 -0.109375
0.12483221476510065 -0.11363636363636365
0.11409395973154357 -0.11505681818181823
0.11409395973154357 -0.11647727272727271
0.11140939597315436 -0.11931818181818177
0.1033557046979865 -0.11789772727272729
0.1033557046979865 -0.11647727272727271
0.10872483221476514 -0.11221590909090906
0.10872483221476514 -0.10653409090909094
0.12214765100671143 -0.10653409090909094
0.12214765100671143 -0.10653409090909094
0.11409395973154357 -0.10511363636363635
0.1302013422818793 -0.10795454545454541
0.12483221476510065 -0.11221590909090906
0.12214765100671143 -0.11647727272727271
0.10872483221476514 -0.11789772727272729
0.11140939597315436 -0.11931818181818177
0.11140939597315436 -0.11221590909090906
0.10604026845637593 -0.11363636363636365
0.11677852348993278 -0.11079545454545459
0.11409395973154357 -0.11363636363636365
0.1302013422818793 -0.109375
0.12751677852348986 -0.109375
0.1328859060402685 -0.10795454545454541
0.1302013422818793 -0.10795454545454541
0.1302013422818793 -0.109375
0.12483221476510065 -0.109375
0.12483221476510065 -0.11363636363636365
0.12751677852348986 -0.11363636363636365
0.12483221476510065 -0.109375
0.12214765100671143 -0.10653409090909094
0.1302013422818793 -0.10227272727272729
0.12483221476510065 -0.10511363636363635
0.12751677852348986 -0.09943181818181823
0.1463087248322148 -0.10085227272727271
0.13557046979865772 -0.09943181818181823
0.13557046979865772 -0.10653409090909094
0.13557046979865772 -0.10653409090909094
0.1302013422818793 -0.11079545454545459
0.12483221476510065 -0.10795454545454541
0.11946308724832222 -0.11079545454545459
0.11409395973154357 -0.11221590909090906
0.11409395973154357 -0.10511363636363635
0.12214765100671143 -0.10369318181818177
0.12483221476510065 -0.10369318181818177
0.12751677852348986 -0.09801136363636365
0.13557046979865772 -0.10085227272727271
0.13557046979865772 -0.10085227272727271
0.13557046979865772 -0.10511363636363635
0.1328859060402685 -0.109375
0.1328859060402685 -0.11221590909090906
0.11946308724832222 -0.11221590909090906
0.11409395973154357 -0.11647727272727271
0.10872483221476514 -0.12073863636363635
0.11677852348993278 -0.11363636363636365
0.11946308724832222 -0.109375
0.12214765100671143 -0.109375
0.12214765100671143 -0.10795454545454541
0.12483221476510065 -0.10653409090909094
0.12751677852348986 -0.10795454545454541
0.12214765100671143 -0.10511363636363635
0.12751677852348986 -0.10795454545454541
0.11677852348993278 -0.109375
0.11409395973154357 -0.10369318181818177
0.11140939597315436 -0.10795454545454541
0.1033557046979865 -0.109375
0.10604026845637593 -0.10511363636363635
0.10604026845637593 -0.10511363636363635
0.11140939597315436 -0.10369318181818177
0.11946308724832222 -0.10227272727272729
0.12751677852348986 -0.10085227272727271
0.12214765100671143 -0.09943181818181823
0.12483221476510065 -0.09943181818181823
0.11677852348993278 -0.10085227272727271
0.11677852348993278 -0.10653409090909094
0.11140939597315436 -0.109375
0.1033557046979865 -0.11221590909090906
0.09798657718120807 -0.109375
0.09530201342281885 -0.10653409090909094
0.1033557046979865 -0.10511363636363635
0.10604026845637593 -0.09943181818181823
0.1033557046979865 -0.10227272727272729
0.11677852348993278 -0.10085227272727271
0.11946308724832222 -0.10795454545454541
0.11946308724832222 -0.10511363636363635
0.11409395973154357 -0.10653409090909094
0.10604026845637593 -0.10795454545454541
0.10604026845637593 -0.11221590909090906
0.1033557046979865 -0.11079545454545459
0.10604026845637593 -0.11079545454545459
0.10067114093959728 -0.10653409090909094
0.10604026845637593 -0.10653409090909094
0.11140939597315436 -0.10227272727272729
0.12214765100671143 -0.09232954545454541
0.12751677852348986 -0.09801136363636365
0.11946308724832222 -0.09801136363636365
0.12483221476510065 -0.09801136363636365
0.12214765100671143 -0.10085227272727271
0.11677852348993278 -0.10227272727272729
0.10604026845637593 -0.10653409090909094
0.1033557046979865 -0.10795454545454541
0.1033557046979865 -0.10795454545454541
0.09530201342281885 -0.10369318181818177
0.11140939597315436 -0.10227272727272729
0.11140939597315436 -0.10085227272727271
0.11677852348993278 -0.09801136363636365
0.11409395973154357 -0.09517045454545459
0.12751677852348986 -0.09943181818181823
0.1302013422818793 -0.09801136363636365
0.11677852348993278 -0.10369318181818177
0.11140939597315436 -0.10227272727272729
0.11409395973154357 -0.10653409090909094
0.11409395973154357 -0.109375
0.10604026845637593 -0.10795454545454541
0.10872483221476514 -0.10085227272727271
0.11140939597315436 -0.10085227272727271
0.12214765100671143 -0.09801136363636365
0.1302013422818793 -0.09659090909090906
0.13825503355704694 -0.09659090909090906
0.1328859060402685 -0.09801136363636365
0.12751677852348986 -0.10227272727272729
0.12483221476510065 -0.10227272727272729
0.11677852348993278 -0.10511363636363635
0.12214765100671143 -0.10795454545454541
0.12214765100671143 -0.10511363636363635
0.11409395973154357 -0.09943181818181823
0.11677852348993278 -0.09659090909090906
0.11677852348993278 -0.09659090909090906
0.1302013422818793 -0.09375
0.1302013422818793 -0.09232954545454541
0.12483221476510065 -0.09232954545454541
0.12751677852348986 -0.09090909090909094
0.14093959731543615 -0.09232954545454541
0.12751677852348986 -0.10227272727272729
0.1302013422818793 -0.09943181818181823
0.12751677852348986 -0.10511363636363635
0.12751677852348986 -0.10227272727272729
0.11409395973154357 -0.10085227272727271
0.11140939597315436 -0.09943181818181823
0.11946308724832222 -0.09517045454545459
0.12483221476510065 -0.08948863636363635
0.12751677852348986 -0.08948863636363635
0.12751677852348986 -0.09517045454545459
0.1302013422818793 -0.09090909090909094
0.13557046979865772 -0.09375
0.14362416107382558 -0.09517045454545459
0.12483221476510065 -0.09375
0.12483221476510065 -0.09943181818181823
0.12214765100671143 -0.10085227272727271
0.11409395973154357 -0.10369318181818177
0.10872483221476514 -0.09801136363636365
0.1302013422818793 -0.09801136363636365
0.13557046979865772 -0.10085227272727271
0.14093959731543615 -0.09090909090909094
0.1463087248322148 -0.08948863636363635
0.14093959731543615 -0.09090909090909094
0.14093959731543615 -0.09517045454545459
0.1463087248322148 -0.09232954545454541
0.14362416107382558 -0.09659090909090906
0.14362416107382558 -0.09801136363636365
0.14093959731543615 -0.10369318181818177
0.1328859060402685 -0.09801136363636365
0.13557046979865772 -0.09517045454545459
0.13557046979865772 -0.08948863636363635
0.14362416107382558 -0.08664772727272729
0.148993288590604 -0.08380681818181823
0.1463087248322148 -0.08096590909090906
0.15167785234899323 -0.08380681818181823
0.1597315436241611 -0.08522727272727271
0.1597315436241611 -0.09375
0.148993288590604 -0.08948863636363635
0.1463087248322148 -0.09375
0.148993288590604 -0.09375
0.14362416107382558 -0.09232954545454541
0.1328859060402685 -0.08806818181818177
0.14093959731543615 -0.08806818181818177
0.15704697986577187 -0.08522727272727271
0.14362416107382558 -0.08380681818181823
0.15436241610738266 -0.08096590909090906
0.15436241610738266 -0.08522727272727271
0.1597315436241611 -0.08664772727272729
0.1597315436241611 -0.08806818181818177
0.148993288590604 -0.09232954545454541
0.1463087248322148 -0.09232954545454541
0.14362416107382558 -0.09232954545454541
0.148993288590604 -0.09090909090909094
0.14093959731543615 -0.08664772727272729
0.15436241610738266 -0.08096590909090906
0.15704697986577187 -0.07954545454545459
0.15704697986577187 -0.078125
0.1597315436241611 -0.07528409090909094
0.1624161073825503 -0.07954545454545459
0.16778523489932895 -0.08238636363636365
0.1597315436241611 -0.08380681818181823
0.15436241610738266 -0.08806818181818177
0.14362416107382558 -0.08664772727272729
0.13557046979865772 -0.09232954545454541
0.1463087248322148 -0.08380681818181823
0.13825503355704694 -0.08380681818181823
0.148993288590604 -0.08096590909090906
0.148993288590604 -0.07670454545454541
0.1624161073825503 -0.07670454545454541
0.1624161073825503 -0.07244318181818177
0.16510067114093951 -0.078125
0.1758389261744966 -0.078125
0.1785234899328858 -0.07954545454545459
0.1785234899328858 -0.08948863636363635
0.17315436241610738 -0.08948863636363635
0.16778523489932895 -0.09375
0.18389261744966445 -0.09232954545454541
0.18389261744966445 -0.08948863636363635
0.19463087248322153 -0.08096590909090906
0.19731543624161074 -0.07670454545454541
0.21073825503355703 -0.07386363636363635
0.2187919463087249 -0.06818181818181823
0.22684563758389253 -0.06676136363636365
0.2348993288590604 -0.06676136363636365
0.23221476510067118 -0.06392045454545459
0.24295302013422826 -0.06534090909090906
0.24026845637583882 -0.06392045454545459
0.24026845637583882 -0.05539772727272729
0.24026845637583882 -0.05397727272727271
0.22416107382550332 -0.04971590909090906
0.22416107382550332 -0.04403409090909094
0.2214765100671141 -0.03977272727272729
0.2214765100671141 -0.03977272727272729
0.22953020134228197 -0.03693181818181823
0.22416107382550332 -0.035511363636363646
0.2214765100671141 -0.03977272727272729
0.21342281879194624 -0.046875
0.19999999999999996 -0.04971590909090906
0.18657718120805367 -0.05255681818181823
0.17315436241610738 -0.061079545454545414
0.16510067114093951 -0.05965909090909094
0.16510067114093951 -0.061079545454545414
0.16778523489932895 -0.06392045454545459
0.17046979865771816 -0.06676136363636365
0.16778523489932895 -0.06960227272727271
0.16510067114093951 -0.06676136363636365
0.17046979865771816 -0.07528409090909094
0.16778523489932895 -0.07670454545454541
0.17046979865771816 -0.07954545454545459
0.1597315436241611 -0.078125
0.15167785234899323 -0.08664772727272729
0.148993288590604 -0.08522727272727271
0.1463087248322148 -0.08380681818181823
0.14093959731543615 -0.08238636363636365
0.1463087248322148 -0.07954545454545459
0.15436241610738266 -0.08380681818181823
0.1597315436241611 -0.07670454545454541
0.16510067114093951 -0.07954545454545459
0.1597315436241611 -0.078125
0.1597315436241611 -0.08096590909090906
0.14362416107382558 -0.08522727272727271
0.14362416107382558 -0.08806818181818177
0.1463087248322148 -0.08806818181818177
0.15167785234899323 -0.08948863636363635
0.14362416107382558 -0.08948863636363635
0.14093959731543615 -0.08238636363636365
0.148993288590604 -0.08380681818181823
0.148993288590604 -0.08238636363636365
0.1597315436241611 -0.08238636363636365
0.17046979865771816 -0.078125
0.16510067114093951 -0.07954545454545459
0.1758389261744966 -0.08238636363636365
0.18389261744966445 -0.08664772727272729
0.21073825503355703 -0.07954545454545459
0.24026845637583882 -0.06818181818181823
0.291275167785235 -0.04119318181818177
0.3395973154362417 0.0014204545454545858
0.40402684563758395 0.05397727272727271
0.4604026845637583 0.11221590909090917
0.5167785234899329 0.16903409090909083
0.5543624161073826 0.21590909090909083
0.5516778523489934 0.26278409090909083
0.5060402684563758 0.28551136363636354
0.43087248322147653 0.28551136363636354
0.3261744966442952 0.25426136363636354
0.20805369127516782 0.19318181818181812
0.09261744966442964 0.109375
-0.01744966442953022 0.02130681818181812
-0.09798657718120807 -0.07386363636363635
-0.14362416107382547 -0.15767045454545459
-0.13825503355704694 -0.20454545454545459
-0.09530201342281874 -0.203125
-0.0442953020134228 -0.17613636363636365
0.012080536912751683 -0.13920454545454541
0.041610738255033475 -0.10795454545454541
0.06577181208053684 -0.08948863636363635
0.08456375838926178 -0.08096590909090906
0.1033557046979865 -0.08806818181818177
0.11946308724832222 -0.08948863636363635
0.13557046979865772 -0.09090909090909094
0.1463087248322148 -0.08948863636363635
0.1597315436241611 -0.08664772727272729
0.1758389261744966 -0.07954545454545459
0.1785234899328858 -0.08096590909090906
0.18657718120805367 -0.07386363636363635
0.19194630872483232 -0.07954545454545459
0.18657718120805367 -0.07386363636363635
0.18657718120805367 -0.07954545454545459
0.18389261744966445 -0.07954545454545459
0.18120805369127524 -0.08238636363636365
0.18120805369127524 -0.08380681818181823
0.18120805369127524 -0.08380681818181823
0.17315436241610738 -0.08380681818181823
0.18120805369127524 -0.078125
0.19463087248322153 -0.07670454545454541
0.19463087248322153 -0.07670454545454541
0.19731543624161074 -0.07244318181818177
0.20805369127516782 -0.07244318181818177
0.21342281879194624 -0.07244318181818177
0.20805369127516782 -0.07386363636363635
0.21342281879194624 -0.07102272727272729
0.21073825503355703 -0.07386363636363635
0.20268456375838917 -0.078125
0.20805369127516782 -0.08096590909090906
0.19999999999999996 -0.07670454545454541
0.20268456375838917 -0.07102272727272729
0.2053691275167786 -0.06960227272727271
0.21342281879194624 -0.06676136363636365
0.21342281879194624 -0.06534090909090906
0.2214765100671141 -0.06392045454545459
0.22416107382550332 -0.06534090909090906
0.22684563758389253 -0.0625
0.2214765100671141 -0.06676136363636365
0.2187919463087249 -0.06960227272727271
0.21610738255033568 -0.06534090909090906
0.21342281879194624 -0.06818181818181823
0.21073825503355703 -0.06534090909090906
0.2187919463087249 -0.05965909090909094
0.2187919463087249 -0.058238636363636354
0.24026845637583882 -0.058238636363636354
0.24026845637583882 -0.05539772727272729
0.24563758389261747 -0.051136363636363646
0.2510067114093959 -0.051136363636363646
0.24832214765100669 -0.05397727272727271
0.24832214765100669 -0.05539772727272729
0.24563758389261747 -0.051136363636363646
0.24563758389261747 -0.05681818181818177
0.24295302013422826 -0.05397727272727271
0.24563758389261747 -0.05255681818181823
0.25369127516778534 -0.04971590909090906
0.25369127516778534 -0.04403409090909094
0.261744966442953 -0.03835227272727271
0.2644295302013422 -0.032670454545454586
0.27516778523489926 -0.032670454545454586
0.2805369127516779 -0.03409090909090906
0.2832214765100671 -0.03125
0.2778523489932887 -0.03693181818181823
0.2778523489932887 -0.035511363636363646
0.2832214765100671 -0.035511363636363646
0.28859060402684555 -0.029829545454545414
0.2778523489932887 -0.025568181818181768
0.2832214765100671 -0.021306818181818232
0.29932885906040263 -0.011363636363636354
0.3073825503355705 -0.008522727272727293
0.31812080536912757 -0.007102272727272707
0.31812080536912757 0.0
0.33422818791946307 -0.0014204545454545858
0.34228187919463093 -0.0014204545454545858
0.34496644295302015 -0.005681818181818232
0.353020134228188 0.005681818181818121
0.3557046979865772 0.008522727272727293
0.3557046979865772 0.008522727272727293
0.36107382550335565 0.015625
0.36375838926174486 0.017045454545454586
0.3771812080536914 0.022727272727272707
0.385234899328859 0.03125
0.3959731543624161 0.032670454545454586
0.41476510067114103 0.03835227272727271
0.41476510067114103 0.04119318181818188
0.43087248322147653 0.042613636363636465
0.43087248322147653 0.042613636363636465
0.4281879194630873 0.04119318181818188
0.43355704697986575 0.04403409090909083
0.43355704697986575 0.04403409090909083
0.43624161073825496 0.045454545454545414
0.43355704697986575 0.045454545454545414
0.4442953020134228 0.05681818181818188
0.4550335570469799 0.05539772727272729
0.4604026845637583 0.06392045454545459
0.4711409395973154 0.0625
0.4711409395973154 0.05681818181818188
0.4738255033557046 0.05681818181818188
0.4738255033557046 0.051136363636363535
0.465771812080537 0.04971590909090917
0.4577181208053691 0.045454545454545414
0.4523489932885907 0.042613636363636465
0.44966442953020125 0.03835227272727271
0.44697986577181203 0.03835227272727271
0.4416107382550336 0.03835227272727271
0.4416107382550336 0.03409090909090917
0.43355704697986575 0.02840909090909083
0.4281879194630873 0.02556818181818188
0.42013422818791946 0.019886363636363535
0.3986577181208053 0.005681818181818121
0.385234899328859 -0.0028409090909090606
0.3664429530201343 -0.007102272727272707
0.3503355704697986 -0.022727272727272707
0.33422818791946307 -0.032670454545454586
0.323489932885906 -0.03977272727272729
0.31543624161073835 -0.04119318181818177
0.30201342281879184 -0.04971590909090906
0.2939597315436242 -0.05255681818181823
0.28859060402684555 -0.058238636363636354
0.2832214765100671 -0.061079545454545414
0.27516778523489926 -0.06676136363636365
0.261744966442953 -0.07244318181818177
0.24832214765100669 -0.08096590909090906
0.24026845637583882 -0.08948863636363635
0.22684563758389253 -0.09659090909090906
0.21610738255033568 -0.09801136363636365
0.20805369127516782 -0.09801136363636365
0.20268456375838917 -0.09517045454545459
0.20805369127516782 -0.09517045454545459
0.19999999999999996 -0.09375
0.20805369127516782 -0.09232954545454541
0.21342281879194624 -0.10085227272727271
0.21610738255033568 -0.10369318181818177
0.2053691275167786 -0.10511363636363635
0.19731543624161074 -0.10795454545454541
0.19731543624161074 -0.109375
0.18926174496644288 -0.11079545454545459
0.1758389261744966 -0.11079545454545459
0.17046979865771816 -0.11363636363636365
0.17315436241610738 -0.11221590909090906
0.18389261744966445 -0.11221590909090906
0.18120805369127524 -0.10511363636363635
0.18657718120805367 -0.10369318181818177
0.19194630872483232 -0.10085227272727271
0.19463087248322153 -0.10653409090909094
0.18926174496644288 -0.11079545454545459
0.18926174496644288 -0.11079545454545459
0.18120805369127524 -0.11363636363636365
0.19194630872483232 -0.11931818181818177
0.18120805369127524 -0.11647727272727271
0.1758389261744966 -0.11221590909090906
0.1785234899328858 -0.11505681818181823
0.18389261744966445 -0.109375
0.18389261744966445 -0.109375
0.18657718120805367 -0.10653409090909094
0.18926174496644288 -0.10369318181818177
0.20268456375838917 -0.10653409090909094
0.19999999999999996 -0.109375
0.19463087248322153 -0.11079545454545459
0.19194630872483232 -0.11363636363636365
0.18926174496644288 -0.11221590909090906
0.1785234899328858 -0.11505681818181823
0.1785234899328858 -0.11221590909090906
0.18389261744966445 -0.11363636363636365
0.18926174496644288 -0.109375
0.18926174496644288 -0.10227272727272729
0.19194630872483232 -0.10369318181818177
0.19463087248322153 -0.10369318181818177
0.19463087248322153 -0.10085227272727271
0.18657718120805367 -0.10369318181818177
0.18389261744966445 -0.10511363636363635
0.18389261744966445 -0.11079545454545459
0.18389261744966445 -0.11363636363636365
0.1758389261744966 -0.11221590909090906
0.1785234899328858 -0.11363636363636365
0.1758389261744966 -0.109375
0.1785234899328858 -0.109375
0.18657718120805367 -0.10511363636363635
0.18389261744966445 -0.109375
0.19463087248322153 -0.09943181818181823
0.18657718120805367 -0.10795454545454541
0.19194630872483232 -0.10795454545454541
0.18389261744966445 -0.11079545454545459
0.1758389261744966 -0.11221590909090906
0.17315436241610738 -0.11931818181818177
0.16510067114093951 -0.12073863636363635
0.16510067114093951 -0.11647727272727271
0.17046979865771816 -0.11079545454545459
0.17315436241610738 -0.11079545454545459
0.18389261744966445 -0.109375
0.18389261744966445 -0.10795454545454541
0.18926174496644288 -0.10511363636363635
0.18657718120805367 -0.11363636363636365
0.18120805369127524 -0.11079545454545459
0.1785234899328858 -0.11221590909090906
0.17046979865771816 -0.11647727272727271
0.16778523489932895 -0.11789772727272729
0.15704697986577187 -0.11931818181818177
0.15167785234899323 -0.12073863636363635
0.15704697986577187 -0.12073863636363635
0.1597315436241611 -0.11221590909090906
0.17315436241610738 -0.11221590909090906
0.17315436241610738 -0.11505681818181823
0.18120805369127524 -0.10511363636363635
0.1785234899328858 -0.11221590909090906
0.18389261744966445 -0.11505681818181823
0.18389261744966445 -0.11505681818181823
0.16778523489932895 -0.11931818181818177
0.1624161073825503 -0.125
0.16778523489932895 -0.12357954545454541
0.1597315436241611 -0.12642045454545459
0.1597315436241611 -0.11931818181818177
0.15704697986577187 -0.12073863636363635
0.16778523489932895 -0.11647727272727271
0.17046979865771816 -0.11647727272727271
0.17315436241610738 -0.11789772727272729
0.1758389261744966 -0.11647727272727271
0.16510067114093951 -0.11647727272727271
0.17315436241610738 -0.11789772727272729
0.16510067114093951 -0.125
0.1597315436241611 -0.125
0.15167785234899323 -0.125
0.15436241610738266 -0.12642045454545459
0.15436241610738266 -0.12073863636363635
0.15704697986577187 -0.11931818181818177
0.1597315436241611 -0.11931818181818177
0.1597315436241611 -0.11505681818181823
0.17046979865771816 -0.12073863636363635
0.17315436241610738 -0.11931818181818177
0.16778523489932895 -0.11931818181818177
0.16510067114093951 -0.11789772727272729
0.15436241610738266 -0.12357954545454541
0.1597315436241611 -0.13068181818181823
0.1463087248322148 -0.13068181818181823
0.1463087248322148 -0.12357954545454541
0.1463087248322148 -0.125
0.148993288590604 -0.12357954545454541
0.15436241610738266 -0.11789772727272729
0.15167785234899323 -0.12073863636363635
0.1463087248322148 -0.11647727272727271
0.15704697986577187 -0.12073863636363635
0.15704697986577187 -0.11931818181818177
0.15167785234899323 -0.12073863636363635
0.1597315436241611 -0.12784090909090906
0.15436241610738266 -0.12784090909090906
0.15704697986577187 -0.13068181818181823
0.15436241610738266 -0.12926136363636365
0.15167785234899323 -0.12784090909090906
0.1463087248322148 -0.125
0.15167785234899323 -0.11931818181818177
0.1624161073825503 -0.11789772727272729
0.17315436241610738 -0.12357954545454541
0.1758389261744966 -0.11931818181818177
0.17046979865771816 -0.12215909090909094
0.17046979865771816 -0.125
0.15436241610738266 -0.12784090909090906
0.1597315436241611 -0.12784090909090906
0.15167785234899323 -0.12926136363636365
0.148993288590604 -0.12784090909090906
0.1328859060402685 -0.12642045454545459
0.15436241610738266 -0.12073863636363635
0.15167785234899323 -0.125
0.15704697986577187 -0.11647727272727271
0.16510067114093951 -0.11647727272727271
0.17046979865771816 -0.12073863636363635
0.16510067114093951 -0.12073863636363635
0.17315436241610738 -0.12357954545454541
0.16778523489932895 -0.12642045454545459
0.16510067114093951 -0.12926136363636365
0.1597315436241611 -0.125
0.148993288590604 -0.12784090909090906
0.15436241610738266 -0.125
0.1597315436241611 -0.12642045454545459
0.16510067114093951 -0.12073863636363635
0.16510067114093951 -0.11789772727272729
0.17046979865771816 -0.11789772727272729
0.17046979865771816 -0.12357954545454541
0.17046979865771816 -0.12215909090909094
0.17315436241610738 -0.12642045454545459
0.16778523489932895 -0.12642045454545459
0.1597315436241611 -0.12784090909090906
0.16510067114093951 -0.13068181818181823
0.15704697986577187 -0.12784090909090906
0.148993288590604 -0.13068181818181823
0.15704697986577187 -0.12642045454545459
0.1597315436241611 -0.12357954545454541
0.16510067114093951 -0.12073863636363635
0.17315436241610738 -0.11931818181818177
0.17046979865771816 -0.11647727272727271
0.17046979865771816 -0.11931818181818177
0.16778523489932895 -0.12215909090909094
0.1597315436241611 -0.12642045454545459
0.1624161073825503 -0.12642045454545459
0.15436241610738266 -0.12926136363636365
0.15704697986577187 -0.12926136363636365
0.15704697986577187 -0.125
0.15167785234899323 -0.12215909090909094
0.15704697986577187 -0.11931818181818177
0.15436241610738266 -0.11789772727272729
0.15436241610738266 -0.11647727272727271
0.1624161073825503 -0.11505681818181823
0.1624161073825503 -0.12073863636363635
0.17046979865771816 -0.12215909090909094
0.16510067114093951 -0.12357954545454541
0.1597315436241611 -0.125
0.15167785234899323 -0.12926136363636365
0.14093959731543615 -0.13068181818181823
0.15436241610738266 -0.12642045454545459
0.15436241610738266 -0.12642045454545459
0.16510067114093951 -0.12357954545454541
0.17046979865771816 -0.11505681818181823
0.17315436241610738 -0.11505681818181823
0.17315436241610738 -0.12215909090909094
0.17315436241610738 -0.12215909090909094
0.17046979865771816 -0.12073863636363635
0.17046979865771816 -0.12357954545454541
0.1624161073825503 -0.125
0.1624161073825503 -0.13068181818181823
0.1597315436241611 -0.12784090909090906
0.16778523489932895 -0.12357954545454541
0.1624161073825503 -0.11931818181818177
0.16778523489932895 -0.12357954545454541
0.17046979865771816 -0.11505681818181823
0.1758389261744966 -0.11505681818181823
0.1758389261744966 -0.11505681818181823
0.18120805369127524 -0.11505681818181823
0.18120805369127524 -0.11931818181818177
0.1597315436241611 -0.11789772727272729
0.17315436241610738 -0.12073863636363635
0.16510067114093951 -0.12357954545454541
0.16778523489932895 -0.12642045454545459
0.1624161073825503 -0.12073863636363635
0.16778523489932895 -0.12073863636363635
0.16510067114093951 -0.11221590909090906
0.17046979865771816 -0.11079545454545459
0.18120805369127524 -0.11221590909090906
0.1758389261744966 -0.109375
0.17315436241610738 -0.11931818181818177
0.18389261744966445 -0.11931818181818177
0.16778523489932895 -0.12357954545454541
0.1785234899328858 -0.12215909090909094
0.17315436241610738 -0.12073863636363635
0.17315436241610738 -0.12357954545454541
0.17046979865771816 -0.125
0.1758389261744966 -0.11931818181818177
0.1785234899328858 -0.12073863636363635
0.18926174496644288 -0.11363636363636365
0.19999999999999996 -0.11363636363636365
0.19999999999999996 -0.12073863636363635
0.20268456375838917 -0.12073863636363635
0.20268456375838917 -0.12073863636363635
0.2053691275167786 -0.12642045454545459
0.2053691275167786 -0.12073863636363635
0.19731543624161074 -0.12073863636363635
0.20805369127516782 -0.11789772727272729
0.2187919463087249 -0.11789772727272729
0.22684563758389253 -0.109375
0.2375838926174496 -0.10369318181818177
0.24563758389261747 -0.09801136363636365
0.25369127516778534 -0.09517045454545459
0.2671140939597316 -0.09090909090909094
0.261744966442953 -0.08948863636363635
0.261744966442953 -0.08664772727272729
0.24295302013422826 -0.08664772727272729
0.2348993288590604 -0.08664772727272729
0.22684563758389253 -0.08380681818181823
0.21610738255033568 -0.08522727272727271
0.22416107382550332 -0.08096590909090906
0.2187919463087249 -0.078125
0.2214765100671141 -0.07954545454545459
0.22684563758389253 -0.08238636363636365
0.22953020134228197 -0.07528409090909094
0.21342281879194624 -0.08238636363636365
0.21342281879194624 -0.08664772727272729
0.20268456375838917 -0.08380681818181823
0.18926174496644288 -0.09090909090909094
0.18657718120805367 -0.09659090909090906
0.18389261744966445 -0.09801136363636365
0.17046979865771816 -0.10085227272727271
0.16510067114093951 -0.10511363636363635
0.1758389261744966 -0.10511363636363635
0.17315436241610738 -0.10369318181818177
0.18120805369127524 -0.10369318181818177
0.18120805369127524 -0.10085227272727271
0.18389261744966445 -0.10653409090909094
0.18120805369127524 -0.10369318181818177
0.18120805369127524 -0.109375
0.17315436241610738 -0.11505681818181823
0.16510067114093951 -0.11505681818181823
0.16778523489932895 -0.11931818181818177
0.148993288590604 -0.11647727272727271
0.1597315436241611 -0.11363636363636365
0.1597315436241611 -0.11505681818181823
0.16510067114093951 -0.11079545454545459
0.16778523489932895 -0.10795454545454541
0.18120805369127524 -0.10795454545454541
0.17315436241610738 -0.11363636363636365
0.17046979865771816 -0.11647727272727271
0.16778523489932895 -0.11647727272727271
0.16510067114093951 -0.11505681818181823
0.17046979865771816 -0.11505681818181823
0.1597315436241611 -0.11789772727272729
0.15704697986577187 -0.11079545454545459
0.1597315436241611 -0.11221590909090906
0.1597315436241611 -0.10653409090909094
0.16778523489932895 -0.10795454545454541
0.17315436241610738 -0.10511363636363635
0.18926174496644288 -0.10653409090909094
0.20805369127516782 -0.10795454545454541
0.2348993288590604 -0.09801136363636365
0.27516778523489926 -0.08664772727272729
0.33154362416107386 -0.058238636363636354
0.385234899328859 -0.014204545454545414
0.4577181208053691 0.035511363636363535
0.52751677852349 0.09943181818181812
0.6053691275167785 0.16051136363636354
0.6563758389261745 0.23011363636363646
0.6778523489932886 0.2911931818181819
0.6671140939597315 0.34090909090909083
0.6134228187919464 0.3650568181818181
0.5140939597315437 0.3451704545454546
0.3825503355704698 0.2869318181818181
0.25369127516778534 0.203125
0.12751677852348986 0.10511363636363646
0.012080536912751683 0.0014204545454545858
-0.06577181208053695 -0.08238636363636365
-0.08993288590604032 -0.13636363636363635
-0.07651006711409392 -0.16051136363636365
-0.020134228187919434 -0.14346590909090906
0.03087248322147662 -0.11789772727272729
0.08187919463087256 -0.08948863636363635
0.10604026845637593 -0.07386363636363635
0.12483221476510065 -0.07386363636363635
0.13825503355704694 -0.07954545454545459
0.148993288590604 -0.08096590909090906
0.1597315436241611 -0.09375
0.1785234899328858 -0.09801136363636365
0.18657718120805367 -0.09943181818181823
0.18926174496644288 -0.10227272727272729
0.18389261744966445 -0.09659090909090906
0.18657718120805367 -0.09375
0.19731543624161074 -0.09659090909090906
0.19463087248322153 -0.09090909090909094
0.19463087248322153 -0.09090909090909094
0.19999999999999996 -0.09659090909090906
0.19999999999999996 -0.09517045454545459
0.19463087248322153 -0.09659090909090906
0.18926174496644288 -0.09801136363636365
0.18657718120805367 -0.10085227272727271
0.19194630872483232 -0.10085227272727271
0.19463087248322153 -0.10227272727272729
0.19463087248322153 -0.09943181818181823
0.19731543624161074 -0.09659090909090906
0.20805369127516782 -0.08948863636363635
0.20805369127516782 -0.08948863636363635
0.2053691275167786 -0.08948863636363635
0.21610738255033568 -0.08948863636363635
0.2187919463087249 -0.08806818181818177
0.2187919463087249 -0.08664772727272729
0.21610738255033568 -0.09375
0.20268456375838917 -0.09659090909090906
0.21342281879194624 -0.09232954545454541
0.21610738255033568 -0.09517045454545459
0.2187919463087249 -0.08948863636363635
0.2187919463087249 -0.08948863636363635
0.2214765100671141 -0.08380681818181823
0.2214765100671141 -0.07954545454545459
0.2348993288590604 -0.078125
0.2375838926174496 -0.07954545454545459
0.24026845637583882 -0.078125
0.24026845637583882 -0.08380681818181823
0.2375838926174496 -0.08664772727272729
0.24026845637583882 -0.08522727272727271
0.2375838926174496 -0.08238636363636365
0.2348993288590604 -0.08380681818181823
0.22684563758389253 -0.07670454545454541
0.24026845637583882 -0.07528409090909094
0.24295302013422826 -0.07102272727272729
0.25637583892617455 -0.07102272727272729
0.25906040268456376 -0.06534090909090906
0.25906040268456376 -0.06392045454545459
0.261744966442953 -0.06392045454545459
0.25906040268456376 -0.05965909090909094
0.2644295302013422 -0.06534090909090906
0.261744966442953 -0.06534090909090906
0.2644295302013422 -0.06392045454545459
0.2644295302013422 -0.0625
0.25637583892617455 -0.06392045454545459
0.25637583892617455 -0.05255681818181823
0.26979865771812084 -0.045454545454545414
0.27248322147651005 -0.045454545454545414
0.2832214765100671 -0.03977272727272729
0.2939597315436242 -0.042613636363636354
0.3046979865771813 -0.03835227272727271
0.30201342281879184 -0.04119318181818177
0.2939597315436242 -0.03977272727272729
0.29932885906040263 -0.03977272727272729
0.29932885906040263 -0.042613636363636354
0.2966442953020134 -0.03409090909090906
0.2939597315436242 -0.03409090909090906
0.2966442953020134 -0.025568181818181768
0.3127516778523489 -0.022727272727272707
0.3395973154362417 -0.015625
0.34496644295302015 -0.009943181818181768
0.3503355704697986 -0.007102272727272707
0.3503355704697986 -0.005681818181818232
0.353020134228188 -0.008522727272727293
0.353020134228188 -0.007102272727272707
0.3718120805369127 0.0028409090909091717
0.3718120805369127 -0.0014204545454545858
0.3771812080536914 0.0028409090909091717
0.3825503355704698 0.008522727272727293
0.39060402684563766 0.012784090909090828
0.40402684563758395 0.02130681818181812
0.42013422818791946 0.022727272727272707
0.41744966442953024 0.03125
0.4281879194630873 0.029829545454545414
0.4389261744966444 0.02840909090909083
0.4416107382550336 0.032670454545454586
0.4416107382550336 0.026988636363636465
0.4442953020134228 0.026988636363636465
0.4523489932885907 0.032670454545454586
0.4442953020134228 0.032670454545454586
0.44966442953020125 0.035511363636363535
0.44697986577181203 0.04119318181818188
0.4604026845637583 0.045454545454545414
0.46308724832214776 0.048295454545454586
0.4818791946308725 0.05255681818181812
0.4872483221476509 0.05681818181818188
0.4845637583892617 0.046875
0.4845637583892617 0.04403409090909083
0.4738255033557046 0.04119318181818188
0.4684563758389262 0.035511363636363535
0.4684563758389262 0.03835227272727271
0.4577181208053691 0.035511363636363535
0.4523489932885907 0.029829545454545414
0.4416107382550336 0.032670454545454586
0.4281879194630873 0.026988636363636465
0.4389261744966444 0.02556818181818188
0.42013422818791946 0.01846590909090917
0.41476510067114103 0.008522727272727293
0.40402684563758395 -0.0028409090909090606
0.39060402684563766 -0.009943181818181768
0.3664429530201343 -0.017045454545454586
0.353020134228188 -0.022727272727272707
0.33154362416107386 -0.03125
0.3208053691275168 -0.03977272727272729
0.3046979865771813 -0.045454545454545414
0.29932885906040263 -0.04971590909090906
0.2966442953020134 -0.05681818181818177
0.28590604026845634 -0.05539772727272729
0.2778523489932887 -0.058238636363636354
0.26979865771812084 -0.0625
0.261744966442953 -0.06818181818181823
0.261744966442953 -0.07670454545454541
0.2348993288590604 -0.07954545454545459
0.2214765100671141 -0.08380681818181823
0.2187919463087249 -0.09090909090909094
0.21073825503355703 -0.09232954545454541
0.21073825503355703 -0.09517045454545459
0.21073825503355703 -0.09659090909090906
0.20805369127516782 -0.09232954545454541
0.2214765100671141 -0.08948863636363635
0.21610738255033568 -0.09375
0.21073825503355703 -0.09517045454545459
0.21342281879194624 -0.09801136363636365
0.21610738255033568 -0.10227272727272729
0.21073825503355703 -0.10085227272727271
0.19999999999999996 -0.10511363636363635
0.19731543624161074 -0.109375
0.19463087248322153 -0.109375
0.18926174496644288 -0.10653409090909094
0.2053691275167786 -0.10227272727272729
0.2053691275167786 -0.09801136363636365
0.2187919463087249 -0.09517045454545459
0.2214765100671141 -0.09232954545454541
0.2187919463087249 -0.10085227272727271
0.22416107382550332 -0.10369318181818177
0.21610738255033568 -0.10085227272727271
0.20805369127516782 -0.10369318181818177
0.21073825503355703 -0.10795454545454541
0.20805369127516782 -0.11079545454545459
0.19999999999999996 -0.11221590909090906
0.19999999999999996 -0.10653409090909094
0.21073825503355703 -0.10085227272727271
0.2187919463087249 -0.10085227272727271
0.2214765100671141 -0.10085227272727271
0.22416107382550332 -0.09801136363636365
0.23221476510067118 -0.09801136363636365
0.23221476510067118 -0.10085227272727271
0.22416107382550332 -0.10511363636363635
0.22684563758389253 -0.10653409090909094
0.22416107382550332 -0.10511363636363635
0.2187919463087249 -0.10511363636363635
0.2053691275167786 -0.109375
0.21073825503355703 -0.10227272727272729
0.21342281879194624 -0.09943181818181823
0.21342281879194624 -0.09517045454545459
0.22684563758389253 -0.09232954545454541
0.2214765100671141 -0.08806818181818177
0.22684563758389253 -0.09232954545454541
0.22416107382550332 -0.09090909090909094
0.2214765100671141 -0.09517045454545459
0.21342281879194624 -0.09801136363636365
0.21073825503355703 -0.09375
0.21610738255033568 -0.09659090909090906
0.20268456375838917 -0.09517045454545459
0.21342281879194624 -0.09801136363636365
0.21610738255033568 -0.09090909090909094
0.21342281879194624 -0.09090909090909094
0.22416107382550332 -0.08806818181818177
0.22684563758389253 -0.08806818181818177
0.22684563758389253 -0.09090909090909094
0.2187919463087249 -0.09090909090909094
0.2187919463087249 -0.08806818181818177
0.20805369127516782 -0.09517045454545459
0.20268456375838917 -0.10085227272727271
0.19731543624161074 -0.10227272727272729
0.19194630872483232 -0.09943181818181823
0.19194630872483232 -0.09801136363636365
0.19463087248322153 -0.10085227272727271
0.20268456375838917 -0.09943181818181823
0.20268456375838917 -0.09659090909090906
0.2053691275167786 -0.09375
0.2053691275167786 -0.10085227272727271
0.2053691275167786 -0.09659090909090906
0.2053691275167786 -0.09943181818181823
0.19999999999999996 -0.10227272727272729
0.19463087248322153 -0.10653409090909094
0.18389261744966445 -0.10795454545454541
0.18389261744966445 -0.10653409090909094
0.18389261744966445 -0.10795454545454541
0.18657718120805367 -0.10511363636363635
0.18926174496644288 -0.09943181818181823
0.19194630872483232 -0.10085227272727271
0.19731543624161074 -0.09943181818181823
0.2053691275167786 -0.09943181818181823
0.19731543624161074 -0.10085227272727271
0.19194630872483232 -0.10369318181818177
0.19731543624161074 -0.10369318181818177
0.18657718120805367 -0.10511363636363635
0.18926174496644288 -0.109375
0.18120805369127524 -0.10369318181818177
0.18120805369127524 -0.10369318181818177
0.18657718120805367 -0.10653409090909094
0.18926174496644288 -0.09801136363636365
0.19999999999999996 -0.10085227272727271
0.19731543624161074 -0.09801136363636365
0.2053691275167786 -0.09517045454545459
0.20268456375838917 -0.09943181818181823
0.19999999999999996 -0.10369318181818177
0.18389261744966445 -0.10511363636363635
0.18657718120805367 -0.11079545454545459
0.18389261744966445 -0.11221590909090906
0.18120805369127524 -0.11363636363636365
0.17315436241610738 -0.11221590909090906
0.18657718120805367 -0.10511363636363635
0.18389261744966445 -0.10511363636363635
0.19731543624161074 -0.10369318181818177
0.19731543624161074 -0.09659090909090906
0.19999999999999996 -0.10227272727272729
0.19731543624161074 -0.10653409090909094
0.19731543624161074 -0.10511363636363635
0.19194630872483232 -0.109375
0.18926174496644288 -0.11079545454545459
0.18120805369127524 -0.109375
0.18120805369127524 -0.11363636363636365
0.1785234899328858 -0.11363636363636365
0.1758389261744966 -0.10795454545454541
0.1758389261744966 -0.10227272727272729
0.18926174496644288 -0.10369318181818177
0.19463087248322153 -0.09801136363636365
0.19463087248322153 -0.10085227272727271
0.18926174496644288 -0.10227272727272729
0.19731543624161074 -0.10227272727272729
0.19194630872483232 -0.10511363636363635
0.18657718120805367 -0.10653409090909094
0.1758389261744966 -0.10653409090909094
0.1785234899328858 -0.11079545454545459
0.17315436241610738 -0.10653409090909094
0.1758389261744966 -0.10085227272727271
0.18657718120805367 -0.10511363636363635
0.1785234899328858 -0.09943181818181823
0.19463087248322153 -0.09943181818181823
0.19194630872483232 -0.10085227272727271
0.19194630872483232 -0.10369318181818177
0.19194630872483232 -0.10795454545454541
0.18657718120805367 -0.11079545454545459
0.18657718120805367 -0.11079545454545459
0.18120805369127524 -0.11221590909090906
0.17046979865771816 -0.11363636363636365
0.17315436241610738 -0.11363636363636365
0.18389261744966445 -0.11079545454545459
0.1785234899328858 -0.10653409090909094
0.18389261744966445 -0.10511363636363635
0.19194630872483232 -0.10369318181818177
0.18926174496644288 -0.10653409090909094
0.18926174496644288 -0.109375
0.18926174496644288 -0.11363636363636365
0.1785234899328858 -0.11505681818181823
0.18389261744966445 -0.11931818181818177
0.17315436241610738 -0.11221590909090906
0.17315436241610738 -0.11505681818181823
0.1758389261744966 -0.11221590909090906
0.1758389261744966 -0.109375
0.18926174496644288 -0.10795454545454541
0.18657718120805367 -0.10369318181818177
0.18926174496644288 -0.09943181818181823
0.19194630872483232 -0.10227272727272729
0.19194630872483232 -0.10653409090909094
0.19463087248322153 -0.10653409090909094
0.18926174496644288 -0.11505681818181823
0.18657718120805367 -0.11505681818181823
0.18120805369127524 -0.11363636363636365
0.18120805369127524 -0.11221590909090906
0.18120805369127524 -0.10795454545454541
0.1758389261744966 -0.10795454545454541
0.18389261744966445 -0.10369318181818177
0.18926174496644288 -0.10085227272727271
0.19731543624161074 -0.10085227272727271
0.2053691275167786 -0.10085227272727271
0.2053691275167786 -0.10511363636363635
0.20268456375838917 -0.10653409090909094
0.20268456375838917 -0.10653409090909094
0.19731543624161074 -0.109375
0.19194630872483232 -0.11221590909090906
0.18926174496644288 -0.11789772727272729
0.18657718120805367 -0.11363636363636365
0.19194630872483232 -0.109375
0.19194630872483232 -0.10653409090909094
0.19731543624161074 -0.10653409090909094
0.21073825503355703 -0.10227272727272729
0.2053691275167786 -0.10227272727272729
0.2053691275167786 -0.10653409090909094
0.20268456375838917 -0.11079545454545459
0.20268456375838917 -0.11363636363636365
0.18657718120805367 -0.11079545454545459
0.1758389261744966 -0.11079545454545459
0.1758389261744966 -0.10795454545454541
0.18120805369127524 -0.10511363636363635
0.18657718120805367 -0.10653409090909094
0.18389261744966445 -0.09943181818181823
0.19194630872483232 -0.10085227272727271
0.19999999999999996 -0.09659090909090906
0.20268456375838917 -0.09801136363636365
0.19463087248322153 -0.09801136363636365
0.20268456375838917 -0.10653409090909094
0.18926174496644288 -0.10653409090909094
0.18389261744966445 -0.11079545454545459
0.18120805369127524 -0.11647727272727271
0.1758389261744966 -0.109375
0.17315436241610738 -0.11363636363636365
0.18657718120805367 -0.10653409090909094
0.18926174496644288 -0.10795454545454541
0.19999999999999996 -0.10227272727272729
0.19999999999999996 -0.09659090909090906
0.19999999999999996 -0.09801136363636365
0.19731543624161074 -0.10085227272727271
0.18657718120805367 -0.10227272727272729
0.18120805369127524 -0.10369318181818177
0.18120805369127524 -0.10369318181818177
0.18120805369127524 -0.11079545454545459
0.18389261744966445 -0.109375
0.1758389261744966 -0.109375
0.18657718120805367 -0.10511363636363635
0.18389261744966445 -0.10085227272727271
0.18926174496644288 -0.10227272727272729
0.19463087248322153 -0.09801136363636365
0.19463087248322153 -0.10085227272727271
0.2053691275167786 -0.10369318181818177
0.19999999999999996 -0.10511363636363635
0.20268456375838917 -0.10369318181818177
0.2053691275167786 -0.109375
0.19194630872483232 -0.10369318181818177
0.19194630872483232 -0.10795454545454541
0.20805369127516782 -0.10795454545454541
0.21073825503355703 -0.10653409090909094
0.2187919463087249 -0.10511363636363635
0.23221476510067118 -0.10653409090909094
0.22953020134228197 -0.10227272727272729
0.24563758389261747 -0.10511363636363635
0.24295302013422826 -0.09943181818181823
0.24295302013422826 -0.10085227272727271
0.23221476510067118 -0.09943181818181823
0.24026845637583882 -0.09801136363636365
0.24563758389261747 -0.09943181818181823
0.2510067114093959 -0.09517045454545459
0.26979865771812084 -0.08664772727272729
0.27248322147651005 -0.08238636363636365
0.27516778523489926 -0.07670454545454541
0.27516778523489926 -0.06818181818181823
0.2644295302013422 -0.058238636363636354
0.2671140939597316 -0.061079545454545414
0.2671140939597316 -0.061079545454545414
0.261744966442953 -0.061079545454545414
0.25906040268456376 -0.06392045454545459
0.2510067114093959 -0.06818181818181823
0.24295302013422826 -0.07244318181818177
0.22416107382550332 -0.07102272727272729
0.2214765100671141 -0.07102272727272729
0.2214765100671141 -0.07102272727272729
0.21610738255033568 -0.07244318181818177
0.21073825503355703 -0.07528409090909094
0.21073825503355703 -0.07386363636363635
0.21342281879194624 -0.078125
0.21342281879194624 -0.08522727272727271
0.19731543624161074 -0.09232954545454541
0.19999999999999996 -0.09801136363636365
0.18926174496644288 -0.10369318181818177
0.18389261744966445 -0.09943181818181823
0.18389261744966445 -0.10653409090909094
0.18120805369127524 -0.09943181818181823
0.18657718120805367 -0.09375
0.18120805369127524 -0.09517045454545459
0.18389261744966445 -0.09801136363636365
0.18389261744966445 -0.09375
0.1785234899328858 -0.09801136363636365
0.1758389261744966 -0.10227272727272729
0.17315436241610738 -0.10369318181818177
0.16510067114093951 -0.10795454545454541
0.16778523489932895 -0.10795454545454541
0.16510067114093951 -0.10653409090909094
0.1624161073825503 -0.10795454545454541
0.1597315436241611 -0.11363636363636365
0.16510067114093951 -0.11079545454545459
0.17046979865771816 -0.10511363636363635
0.1785234899328858 -0.10085227272727271
0.18657718120805367 -0.09375
0.18926174496644288 -0.09659090909090906
0.18389261744966445 -0.09517045454545459
0.1785234899328858 -0.09943181818181823
0.1785234899328858 -0.10227272727272729
0.18120805369127524 -0.10369318181818177
0.1758389261744966 -0.10653409090909094
0.16510067114093951 -0.10511363636363635
0.1758389261744966 -0.10369318181818177
0.19731543624161074 -0.09801136363636365
0.2187919463087249 -0.08806818181818177
0.27248322147651005 -0.07386363636363635
0.31543624161073835 -0.042613636363636354
0.3798657718120806 -0.007102272727272707
0.43355704697986575 0.042613636363636465
0.48993288590604034 0.09375
0.5248322147651008 0.14346590909090917
0.5516778523489934 0.1946022727272727
0.5355704697986576 0.234375
0.48993288590604034 0.2585227272727273
0.3986577181208053 0.25284090909090917
0.291275167785235 0.2258522727272727
0.1758389261744966 0.16051136363636354
0.06040268456375841 0.078125
-0.03892617449664426 -0.01846590909090906
-0.11409395973154357 -0.11647727272727271
-0.1463087248322148 -0.1960227272727273
-0.14362416107382547 -0.23579545454545459
-0.09798657718120807 -0.24005681818181823
-0.046979865771812124 -0.2102272727272727
-0.004026845637583931 -0.17329545454545459
0.025503355704697972 -0.13636363636363635
0.0577181208053692 -0.11647727272727271
0.07114093959731549 -0.10795454545454541
0.09530201342281885 -0.10085227272727271
0.12483221476510065 -0.09943181818181823
0.15167785234899323 -0.09232954545454541
0.1758389261744966 -0.09090909090909094
0.19731543624161074 -0.08948863636363635
0.20805369127516782 -0.08522727272727271
0.2053691275167786 -0.09090909090909094
0.19999999999999996 -0.08948863636363635
0.19194630872483232 -0.09090909090909094
0.18389261744966445 -0.09659090909090906
0.18657718120805367 -0.09517045454545459
0.18657718120805367 -0.09801136363636365
0.19731543624161074 -0.08948863636363635
0.2053691275167786 -0.08238636363636365
0.21073825503355703 -0.08096590909090906
0.21073825503355703 -0.08238636363636365
0.21073825503355703 -0.08380681818181823
0.2214765100671141 -0.08522727272727271
0.20805369127516782 -0.08522727272727271
0.2053691275167786 -0.08948863636363635
0.19731543624161074 -0.08664772727272729
