0.045217391304347876 0.2918418839360808
0.0417391304347825 0.29352396972245587
0.034782608695652195 0.2901597981497057
0.034782608695652195 0.2901597981497057
0.03304347826086951 0.28847771236333064
0.03130434782608704 0.2901597981497057
0.026086956521739202 0.28679562657695534
0.02086956521739136 0.2834314550042052
0.013913043478260834 0.2834314550042052
0.01043478260869568 0.2834314550042052
0.00521739130434784 0.2733389402859545
-0.0017391304347825765 0.2682926829268293
-0.003478260869565264 0.2666105971404542
-0.008695652173912993 0.2666105971404542
-0.00521739130434784 0.2682926829268293
-0.003478260869565264 0.2682926829268293
-0.003478260869565264 0.2750210260723296
0.0 0.2733389402859545
0.003478260869565153 0.2767031118587049
0.003478260869565153 0.2733389402859545
0.006956521739130528 0.28006728343145504
0.008695652173912993 0.27838519764507996
0.006956521739130528 0.2817493692178301
0.013913043478260834 0.28006728343145504
0.017391304347825987 0.2834314550042052
0.022608695652173827 0.2918418839360808
0.024347826086956514 0.29352396972245587
0.029565217391304355 0.30193439865433147
0.03826086956521735 0.3069806560134567
0.04695652173913034 0.31034482758620685
0.050434782608695716 0.32043734230445753
0.06260869565217386 0.3221194280908326
0.06956521739130439 0.33389402859545836
0.08000000000000007 0.33557611438183343
0.08347826086956522 0.3406223717409589
0.08869565217391306 0.34398654331370904
0.09913043478260875 0.34903280067283426
0.1026086956521739 0.35744322960470987
0.11304347826086958 0.36417157275021017
0.12521739130434772 0.3725820016820858
0.1460869565217391 0.38267451640033645
0.16695652173913045 0.3860386879730866
0.18608695652173912 0.3961312026913373
0.2034782608695651 0.4011774600504625
0.21043478260869564 0.4028595458368376
0.222608695652174 0.40790580319596303
0.22782608695652184 0.4163162321278384
0.24 0.42977291841883947
0.26086956521739135 0.4449116904962154
0.288695652173913 0.47182506307821703
0.33739130434782605 0.5004205214465938
0.39652173913043476 0.5407905803195963
0.46608695652173915 0.5828427249789738
0.5478260869565217 0.6366694701429774
0.6382608695652174 0.6888141295206056
0.728695652173913 0.7392767031118588
0.8121739130434782 0.7729184188393607
0.8782608695652174 0.7695542472666106
0.9078260869565218 0.725820016820858
0.893913043478261 0.6501261564339782
0.8295652173913044 0.5592935239697225
0.702608695652174 0.4735071488645921
0.528695652173913 0.40790580319596303
0.31304347826086953 0.3557611438183348
0.0939130434782609 0.3120269133725819
-0.0939130434782609 0.26324642556770406
-0.22608695652173916 0.22119428090832627
-0.2817391304347826 0.18082422203532378
-0.27652173913043476 0.15222876366694704
-0.22608695652173916 0.14550042052144652
-0.16000000000000003 0.1471825063078216
-0.09739130434782606 0.16904962153069802
-0.045217391304347876 0.19596299411269968
-0.013913043478260834 0.2279226240538268
-0.0017391304347825765 0.2582001682085786
0.0 0.27838519764507996
-0.003478260869565264 0.28847771236333064
-0.012173913043478257 0.296888141295206
-0.019130434782608674 0.29352396972245587
-0.017391304347826098 0.2918418839360808
-0.01565217391304352 0.28847771236333064
-0.012173913043478257 0.28679562657695534
-0.013913043478260834 0.28511354079058027
-0.012173913043478257 0.28006728343145504
-0.017391304347826098 0.28511354079058027
-0.02086956521739125 0.28511354079058027
-0.017391304347826098 0.28679562657695534
-0.013913043478260834 0.2901597981497057
-0.013913043478260834 0.29352396972245587
-0.008695652173912993 0.2985702270815811
-0.006956521739130417 0.2985702270815811
-0.00521739130434784 0.29520605550883094
-0.008695652173912993 0.296888141295206
-0.006956521739130417 0.2985702270815811
-0.012173913043478257 0.2901597981497057
-0.01565217391304352 0.2901597981497057
-0.017391304347826098 0.28847771236333064
-0.019130434782608674 0.2918418839360808
-0.01565217391304352 0.2918418839360808
-0.017391304347826098 0.28847771236333064
-0.017391304347826098 0.2918418839360808
-0.013913043478260834 0.29352396972245587
-0.012173913043478257 0.29520605550883094
-0.01565217391304352 0.29520605550883094
-0.013913043478260834 0.29520605550883094
-0.017391304347826098 0.29352396972245587
-0.017391304347826098 0.29352396972245587
-0.02782608695652178 0.2918418839360808
-0.022608695652173938 0.28511354079058027
-0.022608695652173938 0.28847771236333064
-0.02608695652173909 0.2918418839360808
-0.02086956521739125 0.29520605550883094
-0.019130434782608674 0.296888141295206
-0.02086956521739125 0.30193439865433147
-0.017391304347826098 0.3002523128679562
-0.02086956521739125 0.29520605550883094
-0.019130434782608674 0.3002523128679562
-0.019130434782608674 0.296888141295206
-0.02086956521739125 0.29352396972245587
-0.02086956521739125 0.29352396972245587
-0.02086956521739125 0.29352396972245587
-0.02086956521739125 0.3002523128679562
-0.02086956521739125 0.3069806560134567
-0.019130434782608674 0.30193439865433147
-0.013913043478260834 0.3069806560134567
-0.012173913043478257 0.3120269133725819
-0.01043478260869568 0.31875525651808245
-0.0017391304347825765 0.313708999158957
-0.0017391304347825765 0.31875525651808245
-0.003478260869565264 0.32043734230445753
-0.003478260869565264 0.32043734230445753
-0.01043478260869568 0.31875525651808245
-0.00521739130434784 0.3221194280908326
-0.003478260869565264 0.32548359966358276
-0.003478260869565264 0.32884777123633313
0.0017391304347826875 0.33389402859545836
0.006956521739130528 0.3389402859545836
0.012173913043478368 0.34398654331370904
0.013913043478260834 0.3523969722455844
0.017391304347825987 0.3473507148864592
0.017391304347825987 0.35071488645920934
0.02086956521739136 0.34903280067283426
0.024347826086956514 0.3540790580319597
0.027826086956521667 0.3540790580319597
0.026086956521739202 0.35744322960470987
0.03304347826086951 0.36080740117746
0.03826086956521735 0.3692178301093356
0.0417391304347825 0.3692178301093356
0.04869565217391303 0.3725820016820858
0.05391304347826087 0.3692178301093356
0.05913043478260871 0.3725820016820858
0.05739130434782602 0.3692178301093356
0.05913043478260871 0.3624894869638351
0.05391304347826087 0.36080740117746
0.05217391304347818 0.3540790580319597
0.04695652173913034 0.3473507148864592
0.045217391304347876 0.3389402859545836
0.0417391304347825 0.3372582001682085
0.03826086956521735 0.33557611438183343
0.034782608695652195 0.3305298570227082
0.040000000000000036 0.3305298570227082
0.03826086956521735 0.32716568544995805
0.03826086956521735 0.3305298570227082
0.034782608695652195 0.31875525651808245
0.027826086956521667 0.3153910849453323
0.027826086956521667 0.3120269133725819
0.027826086956521667 0.31034482758620685
0.024347826086956514 0.3052985702270816
0.022608695652173827 0.3052985702270816
0.019130434782608674 0.3052985702270816
0.01565217391304352 0.3052985702270816
0.017391304347825987 0.3069806560134567
0.017391304347825987 0.3069806560134567
0.02086956521739136 0.31034482758620685
0.02086956521739136 0.3086627417998318
0.024347826086956514 0.3086627417998318
0.022608695652173827 0.3069806560134567
0.022608695652173827 0.3086627417998318
0.02086956521739136 0.3052985702270816
0.017391304347825987 0.3069806560134567
0.013913043478260834 0.3002523128679562
0.017391304347825987 0.30193439865433147
0.012173913043478368 0.30361648444070655
0.013913043478260834 0.3069806560134567
0.017391304347825987 0.3086627417998318
0.02086956521739136 0.3120269133725819
0.024347826086956514 0.3120269133725819
0.027826086956521667 0.3120269133725819
0.024347826086956514 0.31034482758620685
0.026086956521739202 0.31034482758620685
0.022608695652173827 0.3086627417998318
0.017391304347825987 0.3086627417998318
0.02086956521739136 0.3086627417998318
0.017391304347825987 0.3086627417998318
0.024347826086956514 0.3086627417998318
0.026086956521739202 0.3153910849453323
0.027826086956521667 0.3153910849453323
0.029565217391304355 0.31875525651808245
0.03304347826086951 0.31875525651808245
0.027826086956521667 0.3153910849453323
0.03304347826086951 0.31875525651808245
0.03130434782608704 0.3153910849453323
0.029565217391304355 0.313708999158957
0.029565217391304355 0.31034482758620685
0.026086956521739202 0.31034482758620685
0.026086956521739202 0.31034482758620685
0.026086956521739202 0.313708999158957
0.027826086956521667 0.3153910849453323
0.03130434782608704 0.313708999158957
0.034782608695652195 0.3170731707317074
0.03304347826086951 0.32043734230445753
0.03652173913043488 0.32043734230445753
0.03826086956521735 0.31034482758620685
0.03826086956521735 0.3120269133725819
0.034782608695652195 0.3052985702270816
0.034782608695652195 0.3052985702270816
0.029565217391304355 0.30193439865433147
0.027826086956521667 0.30361648444070655
0.026086956521739202 0.3069806560134567
0.024347826086956514 0.3086627417998318
0.029565217391304355 0.31034482758620685
0.03304347826086951 0.3153910849453323
0.034782608695652195 0.3153910849453323
0.034782608695652195 0.313708999158957
0.03826086956521735 0.3153910849453323
0.03826086956521735 0.3153910849453323
0.040000000000000036 0.3170731707317074
0.040000000000000036 0.313708999158957
0.04347826086956519 0.3170731707317074
0.040000000000000036 0.3238015138772077
0.04347826086956519 0.3221194280908326
0.04869565217391303 0.32548359966358276
0.05391304347826087 0.3305298570227082
0.0608695652173914 0.3322119428090833
0.0608695652173914 0.33557611438183343
0.06260869565217386 0.3322119428090833
0.06434782608695655 0.3372582001682085
0.06260869565217386 0.33389402859545836
0.0678260869565217 0.33389402859545836
0.07130434782608686 0.3305298570227082
0.07130434782608686 0.3305298570227082
0.07304347826086954 0.3305298570227082
0.06956521739130439 0.32884777123633313
0.07130434782608686 0.3238015138772077
0.0678260869565217 0.31875525651808245
0.06260869565217386 0.3153910849453323
0.0608695652173914 0.31875525651808245
0.05913043478260871 0.3153910849453323
0.05391304347826087 0.313708999158957
0.05217391304347818 0.3086627417998318
0.04347826086956519 0.3052985702270816
0.0417391304347825 0.30361648444070655
0.034782608695652195 0.2985702270815811
0.026086956521739202 0.296888141295206
0.022608695652173827 0.29520605550883094
0.022608695652173827 0.296888141295206
0.019130434782608674 0.296888141295206
0.017391304347825987 0.296888141295206
0.01043478260869568 0.296888141295206
0.008695652173912993 0.29352396972245587
0.008695652173912993 0.2901597981497057
0.00521739130434784 0.28679562657695534
-0.0017391304347825765 0.28006728343145504
-0.00521739130434784 0.2750210260723296
-0.006956521739130417 0.2750210260723296
-0.006956521739130417 0.2733389402859545
-0.008695652173912993 0.2733389402859545
-0.00521739130434784 0.27838519764507996
-0.0017391304347825765 0.2817493692178301
0.0017391304347826875 0.28679562657695534
0.01043478260869568 0.29352396972245587
0.013913043478260834 0.2918418839360808
0.017391304347825987 0.2918418839360808
0.02086956521739136 0.29520605550883094
0.019130434782608674 0.29520605550883094
0.022608695652173827 0.296888141295206
0.022608695652173827 0.30193439865433147
0.029565217391304355 0.31034482758620685
0.03652173913043488 0.3170731707317074
0.040000000000000036 0.32043734230445753
0.05217391304347818 0.32884777123633313
0.06260869565217386 0.3389402859545836
0.07478260869565223 0.34398654331370904
0.08347826086956522 0.34903280067283426
0.09043478260869575 0.36417157275021017
0.09565217391304337 0.36585365853658547
0.10608695652173905 0.3708999158957107
0.11130434782608689 0.37426408746846085
0.1269565217391304 0.38267451640033645
0.1373913043478261 0.38940285954583675
0.15478260869565208 0.39781328847771236
0.17391304347826098 0.4045416316232129
0.18608695652173912 0.4112699747687132
0.20173913043478264 0.424726661059714
0.22086956521739132 0.42977291841883947
0.23304347826086946 0.4398654331370899
0.2556521739130435 0.4566862910008411
0.27826086956521734 0.47855340622371734
0.3165217391304347 0.5071488645920943
0.37043478260869556 0.5424726661059713
0.43999999999999995 0.5895710681244744
0.5234782608695652 0.6433978132884777
0.6121739130434782 0.7039529015979815
0.7095652173913043 0.7560975609756098
0.7930434782608695 0.7880571909167366
0.8608695652173912 0.789739276703112
0.8991304347826088 0.7510513036164845
0.8956521739130434 0.6686291000841043
0.8417391304347825 0.5761143818334735
0.7339130434782608 0.4835996635828428
0.586086956521739 0.41295206055508826
0.39826086956521745 0.35744322960470987
0.1965217391304348 0.313708999158957
-0.006956521739130417 0.2817493692178301
-0.1721739130434783 0.23969722455845255
-0.26956521739130435 0.2043734230445753
-0.2921739130434783 0.17746005046257363
-0.2573913043478261 0.16904962153069802
-0.19304347826086954 0.1707317073170731
-0.11826086956521742 0.18250630782169885
-0.05913043478260871 0.20941968040370051
-0.01043478260869568 0.23633305298570217
0.01043478260869568 0.26492851135407913
0.013913043478260834 0.2834314550042052
0.00521739130434784 0.2985702270815811
-0.008695652173912993 0.30361648444070655
-0.017391304347826098 0.30361648444070655
-0.019130434782608674 0.30361648444070655
-0.017391304347826098 0.30193439865433147
-0.01043478260869568 0.30361648444070655
-0.01043478260869568 0.3069806560134567
-0.006956521739130417 0.30361648444070655
-0.00521739130434784 0.3052985702270816
-0.00521739130434784 0.30361648444070655
-0.01043478260869568 0.3002523128679562
-0.01043478260869568 0.3002523128679562
-0.017391304347826098 0.29520605550883094
-0.012173913043478257 0.296888141295206
-0.013913043478260834 0.30361648444070655
-0.008695652173912993 0.30361648444070655
-0.00521739130434784 0.3052985702270816
-0.008695652173912993 0.3069806560134567
-0.006956521739130417 0.30361648444070655
-0.008695652173912993 0.3052985702270816
-0.012173913043478257 0.3069806560134567
-0.012173913043478257 0.30361648444070655
-0.01043478260869568 0.3002523128679562
-0.012173913043478257 0.30193439865433147
-0.012173913043478257 0.3002523128679562
-0.012173913043478257 0.30193439865433147
-0.013913043478260834 0.30361648444070655
-0.019130434782608674 0.30361648444070655
-0.012173913043478257 0.3069806560134567
-0.012173913043478257 0.3086627417998318
-0.01043478260869568 0.31034482758620685
-0.01043478260869568 0.3052985702270816
-0.008695652173912993 0.3069806560134567
-0.01043478260869568 0.3052985702270816
-0.01043478260869568 0.30193439865433147
-0.01565217391304352 0.30361648444070655
-0.01565217391304352 0.30361648444070655
-0.019130434782608674 0.3052985702270816
-0.02086956521739125 0.30193439865433147
-0.02086956521739125 0.31034482758620685
-0.013913043478260834 0.313708999158957
-0.01565217391304352 0.3170731707317074
-0.01043478260869568 0.32043734230445753
-0.008695652173912993 0.32043734230445753
-0.006956521739130417 0.3221194280908326
-0.008695652173912993 0.3238015138772077
-0.008695652173912993 0.3238015138772077
-0.008695652173912993 0.32043734230445753
-0.01043478260869568 0.3238015138772077
-0.01043478260869568 0.32884777123633313
-0.008695652173912993 0.32884777123633313
-0.00521739130434784 0.3372582001682085
-0.0017391304347825765 0.3389402859545836
0.00521739130434784 0.3456686291000841
0.003478260869565153 0.3456686291000841
0.01043478260869568 0.34903280067283426
0.01043478260869568 0.35744322960470987
0.01043478260869568 0.35744322960470987
0.008695652173912993 0.3557611438183348
0.006956521739130528 0.3523969722455844
0.008695652173912993 0.3523969722455844
0.01043478260869568 0.3624894869638351
0.017391304347825987 0.3624894869638351
0.019130434782608674 0.36753574432296054
0.026086956521739202 0.3708999158957107
0.029565217391304355 0.377628259041211
0.03304347826086951 0.3843566021867115
0.03652173913043488 0.3877207737594617
0.0417391304347825 0.3860386879730866
0.045217391304347876 0.38940285954583675
0.04695652173913034 0.38940285954583675
0.050434782608695716 0.38267451640033645
0.05217391304347818 0.3809924306139614
0.050434782608695716 0.3793103448275863
0.05217391304347818 0.377628259041211
0.04869565217391303 0.3809924306139614
0.04869565217391303 0.377628259041211
0.050434782608695716 0.3759461732548359
0.04869565217391303 0.3692178301093356
0.05217391304347818 0.36417157275021017
0.050434782608695716 0.35912531539108494
0.04869565217391303 0.3523969722455844
0.04347826086956519 0.3473507148864592
0.040000000000000036 0.3389402859545836
0.034782608695652195 0.3322119428090833
0.029565217391304355 0.3322119428090833
0.026086956521739202 0.3305298570227082
0.029565217391304355 0.32716568544995805
0.026086956521739202 0.32716568544995805
0.026086956521739202 0.3305298570227082
0.024347826086956514 0.33389402859545836
0.02086956521739136 0.32548359966358276
0.022608695652173827 0.3238015138772077
0.024347826086956514 0.32043734230445753
0.02086956521739136 0.3170731707317074
0.017391304347825987 0.3170731707317074
0.01565217391304352 0.3120269133725819
0.006956521739130528 0.3120269133725819
0.008695652173912993 0.3153910849453323
0.012173913043478368 0.3170731707317074
0.017391304347825987 0.32043734230445753
0.013913043478260834 0.32548359966358276
0.017391304347825987 0.32548359966358276
0.019130434782608674 0.32716568544995805
0.022608695652173827 0.3221194280908326
0.022608695652173827 0.31875525651808245
0.017391304347825987 0.31875525651808245
0.01565217391304352 0.3170731707317074
0.017391304347825987 0.3120269133725819
0.01565217391304352 0.31034482758620685
0.01565217391304352 0.3153910849453323
0.02086956521739136 0.3170731707317074
0.017391304347825987 0.3221194280908326
0.022608695652173827 0.32043734230445753
0.024347826086956514 0.32716568544995805
0.026086956521739202 0.32548359966358276
0.024347826086956514 0.3238015138772077
0.024347826086956514 0.3221194280908326
0.024347826086956514 0.3221194280908326
0.026086956521739202 0.31875525651808245
0.026086956521739202 0.3170731707317074
0.024347826086956514 0.32043734230445753
0.024347826086956514 0.3221194280908326
0.027826086956521667 0.32548359966358276
0.027826086956521667 0.32548359966358276
0.026086956521739202 0.3322119428090833
0.027826086956521667 0.3322119428090833
0.029565217391304355 0.3305298570227082
0.03304347826086951 0.32884777123633313
0.03304347826086951 0.32716568544995805
0.03130434782608704 0.3221194280908326
0.029565217391304355 0.32043734230445753
0.027826086956521667 0.3170731707317074
0.024347826086956514 0.31875525651808245
0.022608695652173827 0.31875525651808245
0.022608695652173827 0.32043734230445753
0.026086956521739202 0.3238015138772077
0.029565217391304355 0.3221194280908326
0.029565217391304355 0.32548359966358276
0.03304347826086951 0.3221194280908326
0.03652173913043488 0.3238015138772077
0.03130434782608704 0.3170731707317074
0.027826086956521667 0.313708999158957
0.022608695652173827 0.31034482758620685
0.02086956521739136 0.3086627417998318
0.017391304347825987 0.31034482758620685
0.017391304347825987 0.3069806560134567
0.022608695652173827 0.31034482758620685
0.024347826086956514 0.31034482758620685
0.027826086956521667 0.3120269133725819
0.03130434782608704 0.313708999158957
0.029565217391304355 0.3086627417998318
0.03130434782608704 0.31034482758620685
0.029565217391304355 0.31034482758620685
0.026086956521739202 0.313708999158957
0.027826086956521667 0.3069806560134567
0.029565217391304355 0.3052985702270816
0.027826086956521667 0.3120269133725819
0.03304347826086951 0.313708999158957
0.040000000000000036 0.31875525651808245
0.04347826086956519 0.3238015138772077
0.04869565217391303 0.3305298570227082
0.05391304347826087 0.33389402859545836
0.05391304347826087 0.33389402859545836
0.05739130434782602 0.33557611438183343
0.05739130434782602 0.3322119428090833
0.05913043478260871 0.3305298570227082
0.05913043478260871 0.32884777123633313
0.06608695652173924 0.3322119428090833
0.06434782608695655 0.32884777123633313
0.06956521739130439 0.3322119428090833
0.0678260869565217 0.3389402859545836
0.07130434782608686 0.33557611438183343
0.0678260869565217 0.33389402859545836
0.0678260869565217 0.32716568544995805
0.0608695652173914 0.3221194280908326
0.06260869565217386 0.3170731707317074
0.05739130434782602 0.3170731707317074
0.05565217391304356 0.313708999158957
0.05217391304347818 0.3120269133725819
0.04695652173913034 0.3069806560134567
0.045217391304347876 0.30361648444070655
0.03826086956521735 0.30193439865433147
0.034782608695652195 0.3002523128679562
0.03304347826086951 0.296888141295206
0.027826086956521667 0.30361648444070655
0.027826086956521667 0.3052985702270816
0.029565217391304355 0.3002523128679562
0.026086956521739202 0.3002523128679562
0.019130434782608674 0.296888141295206
0.01565217391304352 0.2918418839360808
0.006956521739130528 0.28511354079058027
-0.0017391304347825765 0.2834314550042052
-0.006956521739130417 0.28006728343145504
-0.012173913043478257 0.27838519764507996
-0.008695652173912993 0.2817493692178301
-0.006956521739130417 0.28006728343145504
-0.0017391304347825765 0.28511354079058027
0.006956521739130528 0.2901597981497057
0.00521739130434784 0.28847771236333064
0.008695652173912993 0.28679562657695534
0.008695652173912993 0.2834314550042052
0.01043478260869568 0.28847771236333064
0.01043478260869568 0.2901597981497057
0.013913043478260834 0.28847771236333064
0.017391304347825987 0.296888141295206
0.017391304347825987 0.30361648444070655
0.027826086956521667 0.3120269133725819
0.03652173913043488 0.3153910849453323
0.04347826086956519 0.32043734230445753
0.050434782608695716 0.32716568544995805
0.05739130434782602 0.3322119428090833
0.06608695652173924 0.3406223717409589
0.06608695652173924 0.3473507148864592
0.07304347826086954 0.3523969722455844
0.08521739130434791 0.35912531539108494
0.09217391304347822 0.36585365853658547
0.10434782608695659 0.3759461732548359
0.12173913043478257 0.38940285954583675
0.1356521739130434 0.3961312026913373
0.14782608695652177 0.4045416316232129
0.16521739130434776 0.4112699747687132
0.1878260869565218 0.41463414634146334
0.19999999999999996 0.42136248948696386
0.21043478260869564 0.42304457527333894
0.21217391304347832 0.4348191757779647
0.22782608695652184 0.4432296047098403
0.23652173913043484 0.4600504625735913
0.2643478260869565 0.4835996635828428
0.2921739130434782 0.5071488645920943
0.33739130434782605 0.5407905803195963
0.40521739130434775 0.5962994112699749
0.48347826086956514 0.6467619848612278
0.5721739130434782 0.7056349873843566
0.662608695652174 0.7560975609756098
0.7565217391304349 0.7880571909167366
0.826086956521739 0.7779646761984862
0.8678260869565217 0.7308662741799832
0.8643478260869566 0.6433978132884777
0.817391304347826 0.5391084945332212
0.7217391304347827 0.4449116904962154
0.577391304347826 0.37426408746846085
0.39478260869565207 0.31875525651808245
0.18956521739130427 0.2817493692178301
-0.02086956521739125 0.24642556770395285
-0.19130434782608696 0.21783010933557612
-0.29391304347826086 0.1875525651808243
-0.3147826086956522 0.17241379310344818
-0.2730434782608696 0.16736753574432295
-0.19826086956521738 0.1791421362489487
-0.11652173913043473 0.19932716568545006
-0.050434782608695605 0.2279226240538268
-0.006956521739130417 0.2598822539949537
0.013913043478260834 0.2834314550042052
0.012173913043478368 0.30361648444070655
0.006956521739130528 0.3086627417998318
-0.003478260869565264 0.313708999158957
-0.013913043478260834 0.3120269133725819
-0.017391304347826098 0.31034482758620685
-0.017391304347826098 0.31034482758620685
-0.017391304347826098 0.3069806560134567
-0.01565217391304352 0.3069806560134567
-0.01565217391304352 0.30361648444070655
-0.013913043478260834 0.30361648444070655
-0.012173913043478257 0.30361648444070655
-0.012173913043478257 0.30193439865433147
-0.012173913043478257 0.30361648444070655
-0.008695652173912993 0.3120269133725819
-0.00521739130434784 0.313708999158957
-0.006956521739130417 0.3170731707317074
-0.00521739130434784 0.3170731707317074
-0.006956521739130417 0.31875525651808245
-0.006956521739130417 0.3170731707317074
-0.012173913043478257 0.3153910849453323
-0.006956521739130417 0.3069806560134567
-0.012173913043478257 0.3069806560134567
-0.013913043478260834 0.3052985702270816
-0.01565217391304352 0.3052985702270816
-0.013913043478260834 0.31034482758620685
-0.013913043478260834 0.3120269133725819
-0.013913043478260834 0.313708999158957
-0.013913043478260834 0.3153910849453323
-0.01043478260869568 0.3170731707317074
-0.012173913043478257 0.3153910849453323
-0.013913043478260834 0.3170731707317074
-0.01043478260869568 0.313708999158957
-0.013913043478260834 0.313708999158957
-0.019130434782608674 0.313708999158957
-0.017391304347826098 0.3120269133725819
-0.019130434782608674 0.3153910849453323
-0.02086956521739125 0.31875525651808245
-0.019130434782608674 0.313708999158957
-0.019130434782608674 0.3221194280908326
-0.02086956521739125 0.32548359966358276
-0.019130434782608674 0.3305298570227082
-0.013913043478260834 0.3305298570227082
-0.006956521739130417 0.32716568544995805
-0.00521739130434784 0.32716568544995805
-0.00521739130434784 0.32716568544995805
-0.01043478260869568 0.32548359966358276
-0.012173913043478257 0.32548359966358276
-0.01565217391304352 0.32548359966358276
-0.01043478260869568 0.33389402859545836
-0.01043478260869568 0.33557611438183343
-0.012173913043478257 0.3406223717409589
0.0 0.3473507148864592
0.003478260869565153 0.34903280067283426
0.008695652173912993 0.34903280067283426
0.00521739130434784 0.35071488645920934
0.01043478260869568 0.35744322960470987
0.006956521739130528 0.3557611438183348
0.003478260869565153 0.35744322960470987
0.0017391304347826875 0.35912531539108494
0.006956521739130528 0.3624894869638351
0.01043478260869568 0.36585365853658547
0.006956521739130528 0.3692178301093356
0.01565217391304352 0.3725820016820858
0.02086956521739136 0.3793103448275863
0.022608695652173827 0.3843566021867115
0.024347826086956514 0.38267451640033645
0.026086956521739202 0.3877207737594617
0.027826086956521667 0.3843566021867115
0.029565217391304355 0.3860386879730866
0.03304347826086951 0.38940285954583675
0.029565217391304355 0.38940285954583675
0.03652173913043488 0.39108494533221205
0.03826086956521735 0.3961312026913373
0.045217391304347876 0.3961312026913373
0.05217391304347818 0.39949537426408743
0.050434782608695716 0.40622371740958796
0.05565217391304356 0.4011774600504625
0.05565217391304356 0.39949537426408743
0.05391304347826087 0.38940285954583675
0.05217391304347818 0.3860386879730866
0.05391304347826087 0.3843566021867115
0.05565217391304356 0.37426408746846085
0.045217391304347876 0.3624894869638351
0.04695652173913034 0.35912531539108494
0.03826086956521735 0.3540790580319597
0.034782608695652195 0.3523969722455844
0.03652173913043488 0.3523969722455844
0.0417391304347825 0.35071488645920934
0.040000000000000036 0.3473507148864592
0.0417391304347825 0.34903280067283426
0.040000000000000036 0.3372582001682085
0.03826086956521735 0.33557611438183343
0.03130434782608704 0.3305298570227082
0.024347826086956514 0.32884777123633313
0.024347826086956514 0.3221194280908326
0.024347826086956514 0.32548359966358276
0.017391304347825987 0.3221194280908326
0.01565217391304352 0.3221194280908326
0.017391304347825987 0.3238015138772077
0.017391304347825987 0.3221194280908326
0.02086956521739136 0.32548359966358276
0.022608695652173827 0.3221194280908326
0.024347826086956514 0.3238015138772077
0.024347826086956514 0.32043734230445753
0.02086956521739136 0.31875525651808245
0.017391304347825987 0.32043734230445753
0.012173913043478368 0.31875525651808245
0.008695652173912993 0.3170731707317074
0.008695652173912993 0.31875525651808245
0.012173913043478368 0.31875525651808245
0.01565217391304352 0.3238015138772077
0.02086956521739136 0.32548359966358276
0.022608695652173827 0.3238015138772077
0.024347826086956514 0.32716568544995805
0.024347826086956514 0.32716568544995805
0.022608695652173827 0.32716568544995805
0.019130434782608674 0.3238015138772077
0.02086956521739136 0.3238015138772077
0.02086956521739136 0.3221194280908326
0.017391304347825987 0.31875525651808245
0.008695652173912993 0.3238015138772077
0.019130434782608674 0.3221194280908326
0.017391304347825987 0.32548359966358276
0.022608695652173827 0.32884777123633313
0.026086956521739202 0.3305298570227082
0.026086956521739202 0.3305298570227082
0.026086956521739202 0.32548359966358276
0.026086956521739202 0.32548359966358276
0.026086956521739202 0.3221194280908326
0.022608695652173827 0.3153910849453323
0.024347826086956514 0.3221194280908326
0.024347826086956514 0.31875525651808245
0.022608695652173827 0.3170731707317074
0.026086956521739202 0.3170731707317074
0.027826086956521667 0.31875525651808245
0.024347826086956514 0.32548359966358276
0.029565217391304355 0.32716568544995805
0.029565217391304355 0.3238015138772077
0.027826086956521667 0.3221194280908326
0.029565217391304355 0.32043734230445753
0.027826086956521667 0.3153910849453323
0.027826086956521667 0.313708999158957
0.024347826086956514 0.31034482758620685
0.019130434782608674 0.3086627417998318
0.017391304347825987 0.31034482758620685
0.017391304347825987 0.31034482758620685
0.019130434782608674 0.3120269133725819
0.02086956521739136 0.3120269133725819
0.024347826086956514 0.313708999158957
0.024347826086956514 0.313708999158957
0.024347826086956514 0.3086627417998318
0.022608695652173827 0.3086627417998318
0.02086956521739136 0.30361648444070655
0.022608695652173827 0.30361648444070655
0.019130434782608674 0.3002523128679562
0.017391304347825987 0.29520605550883094
0.01043478260869568 0.3002523128679562
0.012173913043478368 0.2985702270815811
0.013913043478260834 0.30193439865433147
0.013913043478260834 0.2985702270815811
0.02086956521739136 0.30193439865433147
0.02086956521739136 0.3002523128679562
0.019130434782608674 0.296888141295206
0.01565217391304352 0.296888141295206
0.012173913043478368 0.296888141295206
0.01043478260869568 0.29520605550883094
0.006956521739130528 0.29352396972245587
0.0017391304347826875 0.2918418839360808
0.003478260869565153 0.2918418839360808
0.006956521739130528 0.29352396972245587
0.012173913043478368 0.296888141295206
0.012173913043478368 0.2985702270815811
0.01565217391304352 0.2985702270815811
0.017391304347825987 0.29520605550883094
0.019130434782608674 0.2985702270815811
0.01565217391304352 0.29520605550883094
0.017391304347825987 0.296888141295206
0.013913043478260834 0.29520605550883094
0.01043478260869568 0.2901597981497057
0.013913043478260834 0.29352396972245587
0.013913043478260834 0.2985702270815811
0.02086956521739136 0.30193439865433147
0.026086956521739202 0.3086627417998318
0.03130434782608704 0.313708999158957
0.03826086956521735 0.32043734230445753
0.03826086956521735 0.3238015138772077
0.0417391304347825 0.32548359966358276
0.04347826086956519 0.32548359966358276
0.04347826086956519 0.32548359966358276
0.045217391304347876 0.32548359966358276
0.04869565217391303 0.3221194280908326
0.04869565217391303 0.3305298570227082
0.05217391304347818 0.3305298570227082
0.05739130434782602 0.33389402859545836
0.06260869565217386 0.3389402859545836
0.06260869565217386 0.3473507148864592
0.05913043478260871 0.3406223717409589
0.05565217391304356 0.3372582001682085
0.05565217391304356 0.3322119428090833
0.05739130434782602 0.32716568544995805
0.050434782608695716 0.3170731707317074
0.050434782608695716 0.313708999158957
0.045217391304347876 0.3120269133725819
0.0417391304347825 0.3069806560134567
0.034782608695652195 0.3086627417998318
0.034782608695652195 0.31034482758620685
0.027826086956521667 0.3069806560134567
0.02086956521739136 0.30361648444070655
0.02086956521739136 0.3086627417998318
0.02086956521739136 0.3069806560134567
0.02086956521739136 0.30193439865433147
0.02086956521739136 0.296888141295206
0.017391304347825987 0.296888141295206
0.008695652173912993 0.2901597981497057
0.006956521739130528 0.28679562657695534
-0.00521739130434784 0.2817493692178301
-0.008695652173912993 0.28511354079058027
-0.013913043478260834 0.28679562657695534
-0.01043478260869568 0.2834314550042052
-0.012173913043478257 0.28847771236333064
-0.00521739130434784 0.28679562657695534
0.0017391304347826875 0.2901597981497057
0.003478260869565153 0.28679562657695534
0.00521739130434784 0.2901597981497057
0.008695652173912993 0.28679562657695534
0.006956521739130528 0.2918418839360808
0.00521739130434784 0.29352396972245587
0.012173913043478368 0.2985702270815811
0.006956521739130528 0.3002523128679562
0.017391304347825987 0.31034482758620685
0.026086956521739202 0.313708999158957
0.034782608695652195 0.32548359966358276
0.045217391304347876 0.3305298570227082
0.04695652173913034 0.3372582001682085
0.05217391304347818 0.3389402859545836
0.05913043478260871 0.3473507148864592
0.06434782608695655 0.35071488645920934
0.07130434782608686 0.3624894869638351
0.08347826086956522 0.3692178301093356
0.09217391304347822 0.3793103448275863
0.10782608695652174 0.39108494533221205
0.11826086956521742 0.39781328847771236
0.1356521739130434 0.4011774600504625
0.15304347826086961 0.4112699747687132
0.16695652173913045 0.4179983179142137
0.17739130434782613 0.42304457527333894
0.20173913043478264 0.4264087468460891
0.21043478260869564 0.4348191757779647
0.21913043478260863 0.4398654331370899
0.2295652173913043 0.4566862910008411
0.24 0.47687132043734226
0.2626086956521738 0.4970563498738436
0.29565217391304355 0.5290159798149705
0.3426086956521739 0.569386038687973
0.40695652173913044 0.6148023549201009
0.48173913043478267 0.6686291000841043
0.5652173913043479 0.725820016820858
0.653913043478261 0.7746005046257358
0.7321739130434783 0.7964676198486123
0.7930434782608695 0.7846930193439865
0.8226086956521739 0.725820016820858
0.8191304347826087 0.633305298570227
0.7704347826086957 0.5256518082422204
0.6869565217391305 0.42809083263246417
0.5582608695652174 0.34230445752733396
0.39826086956521745 0.296888141295206
0.21217391304347832 0.2531539108494534
0.02086956521739136 0.23128679562657695
-0.15130434782608693 0.2026913372582002
-0.26260869565217393 0.17577796467619855
-0.30434782608695654 0.15895710681244735
-0.2834782608695652 0.15895710681244735
-0.22086956521739132 0.1640033641715728
-0.14086956521739136 0.18923465096719938
-0.07478260869565212 0.21614802354920104
-0.02086956521739125 0.24810765349032793
0.00521739130434784 0.2767031118587049
0.01565217391304352 0.30193439865433147
0.008695652173912993 0.313708999158957
-0.0017391304347825765 0.32043734230445753
-0.01043478260869568 0.32043734230445753
-0.013913043478260834 0.313708999158957
-0.019130434782608674 0.3120269133725819
-0.017391304347826098 0.3120269133725819
-0.019130434782608674 0.31034482758620685
-0.02086956521739125 0.3069806560134567
-0.01565217391304352 0.3069806560134567
-0.019130434782608674 0.3069806560134567
-0.019130434782608674 0.31034482758620685
-0.017391304347826098 0.3153910849453323
-0.01565217391304352 0.313708999158957
-0.01043478260869568 0.313708999158957
-0.013913043478260834 0.313708999158957
-0.012173913043478257 0.31034482758620685
-0.013913043478260834 0.3120269133725819
-0.013913043478260834 0.3153910849453323
-0.01565217391304352 0.3086627417998318
-0.017391304347826098 0.31034482758620685
-0.024347826086956514 0.3069806560134567
-0.02608695652173909 0.3052985702270816
-0.024347826086956514 0.31034482758620685
-0.019130434782608674 0.31034482758620685
-0.022608695652173938 0.31034482758620685
-0.01565217391304352 0.313708999158957
-0.017391304347826098 0.3170731707317074
-0.017391304347826098 0.31875525651808245
-0.017391304347826098 0.3153910849453323
-0.019130434782608674 0.3170731707317074
-0.022608695652173938 0.31875525651808245
-0.02608695652173909 0.313708999158957
-0.024347826086956514 0.3120269133725819
-0.02782608695652178 0.3120269133725819
-0.02782608695652178 0.3153910849453323
-0.02782608695652178 0.3120269133725819
-0.02782608695652178 0.3153910849453323
-0.02782608695652178 0.31875525651808245
-0.022608695652173938 0.3221194280908326
-0.024347826086956514 0.3238015138772077
-0.02086956521739125 0.32043734230445753
-0.019130434782608674 0.32548359966358276
-0.017391304347826098 0.3238015138772077
-0.019130434782608674 0.3238015138772077
-0.02086956521739125 0.32716568544995805
-0.022608695652173938 0.32884777123633313
-0.02086956521739125 0.3305298570227082
-0.02608695652173909 0.33557611438183343
-0.022608695652173938 0.33557611438183343
-0.02608695652173909 0.34230445752733396
-0.019130434782608674 0.3473507148864592
-0.01565217391304352 0.34903280067283426
-0.013913043478260834 0.35071488645920934
-0.01043478260869568 0.3540790580319597
-0.013913043478260834 0.3473507148864592
-0.013913043478260834 0.3473507148864592
-0.01043478260869568 0.3473507148864592
-0.013913043478260834 0.3523969722455844
-0.01043478260869568 0.35744322960470987
-0.006956521739130417 0.35912531539108494
-0.00521739130434784 0.36585365853658547
0.0 0.3708999158957107
0.00521739130434784 0.3692178301093356
0.008695652173912993 0.37426408746846085
0.012173913043478368 0.3725820016820858
0.008695652173912993 0.3759461732548359
0.012173913043478368 0.3759461732548359
0.008695652173912993 0.3759461732548359
0.01043478260869568 0.3793103448275863
0.012173913043478368 0.3809924306139614
0.01565217391304352 0.3843566021867115
0.02086956521739136 0.3877207737594617
0.026086956521739202 0.3944491169049622
0.03130434782608704 0.39781328847771236
0.03826086956521735 0.39781328847771236
0.04347826086956519 0.4045416316232129
0.04695652173913034 0.39781328847771236
0.05217391304347818 0.3961312026913373
0.04695652173913034 0.3961312026913373
0.04695652173913034 0.38940285954583675
0.04347826086956519 0.38267451640033645
0.0417391304347825 0.37426408746846085
0.040000000000000036 0.3725820016820858
0.04347826086956519 0.3725820016820858
0.040000000000000036 0.36585365853658547
0.03652173913043488 0.36417157275021017
0.03652173913043488 0.36080740117746
0.03652173913043488 0.35744322960470987
0.03304347826086951 0.34903280067283426
0.026086956521739202 0.3456686291000841
0.024347826086956514 0.33557611438183343
0.019130434782608674 0.3305298570227082
0.017391304347825987 0.32548359966358276
0.01565217391304352 0.32716568544995805
0.012173913043478368 0.3238015138772077
0.008695652173912993 0.32716568544995805
0.01043478260869568 0.32716568544995805
0.008695652173912993 0.32716568544995805
0.01043478260869568 0.3238015138772077
0.006956521739130528 0.32716568544995805
0.008695652173912993 0.32548359966358276
0.01043478260869568 0.32043734230445753
0.006956521739130528 0.31875525651808245
0.006956521739130528 0.32043734230445753
0.003478260869565153 0.313708999158957
-0.003478260869565264 0.31034482758620685
-0.003478260869565264 0.3153910849453323
-0.0017391304347825765 0.31875525651808245
0.0 0.31875525651808245
0.0017391304347826875 0.3221194280908326
0.00521739130434784 0.32548359966358276
0.00521739130434784 0.32548359966358276
0.006956521739130528 0.3238015138772077
0.008695652173912993 0.3238015138772077
0.006956521739130528 0.3221194280908326
0.003478260869565153 0.3170731707317074
-0.0017391304347825765 0.313708999158957
-0.0017391304347825765 0.313708999158957
-0.00521739130434784 0.313708999158957
-0.003478260869565264 0.3153910849453323
0.006956521739130528 0.32043734230445753
0.008695652173912993 0.3221194280908326
0.012173913043478368 0.32548359966358276
0.012173913043478368 0.32716568544995805
0.012173913043478368 0.32548359966358276
0.013913043478260834 0.3221194280908326
0.01043478260869568 0.3221194280908326
0.01043478260869568 0.32043734230445753
0.003478260869565153 0.31875525651808245
0.003478260869565153 0.3153910849453323
0.00521739130434784 0.3170731707317074
0.01043478260869568 0.31875525651808245
0.008695652173912993 0.31875525651808245
0.01565217391304352 0.3238015138772077
0.017391304347825987 0.3238015138772077
0.019130434782608674 0.3238015138772077
0.017391304347825987 0.32043734230445753
0.017391304347825987 0.3221194280908326
0.017391304347825987 0.3221194280908326
0.013913043478260834 0.313708999158957
0.012173913043478368 0.3153910849453323
0.01043478260869568 0.31034482758620685
0.012173913043478368 0.313708999158957
0.008695652173912993 0.313708999158957
0.012173913043478368 0.3170731707317074
0.013913043478260834 0.313708999158957
0.013913043478260834 0.31875525651808245
0.013913043478260834 0.3153910849453323
0.012173913043478368 0.3153910849453323
0.012173913043478368 0.313708999158957
0.01043478260869568 0.3069806560134567
0.01043478260869568 0.30361648444070655
0.00521739130434784 0.30193439865433147
0.0017391304347826875 0.30193439865433147
0.0017391304347826875 0.3002523128679562
0.003478260869565153 0.3002523128679562
0.0 0.3052985702270816
0.003478260869565153 0.30361648444070655
0.003478260869565153 0.3069806560134567
0.003478260869565153 0.3069806560134567
0.00521739130434784 0.30361648444070655
0.00521739130434784 0.2985702270815811
0.00521739130434784 0.29352396972245587
0.0 0.29352396972245587
-0.0017391304347825765 0.2901597981497057
-0.0017391304347825765 0.2918418839360808
-0.0017391304347825765 0.2918418839360808
-0.0017391304347825765 0.2918418839360808
0.0017391304347826875 0.29520605550883094
0.0017391304347826875 0.296888141295206
0.003478260869565153 0.29520605550883094
0.003478260869565153 0.296888141295206
0.006956521739130528 0.2918418839360808
0.00521739130434784 0.2918418839360808
0.0017391304347826875 0.2901597981497057
-0.0017391304347825765 0.2918418839360808
-0.0017391304347825765 0.28679562657695534
-0.0017391304347825765 0.2834314550042052
-0.0017391304347825765 0.28511354079058027
-0.0017391304347825765 0.2834314550042052
0.0 0.2901597981497057
0.0017391304347826875 0.29352396972245587
0.003478260869565153 0.29520605550883094
0.008695652173912993 0.296888141295206
0.00521739130434784 0.2901597981497057
0.00521739130434784 0.2918418839360808
0.003478260869565153 0.2918418839360808
0.006956521739130528 0.2918418839360808
0.012173913043478368 0.296888141295206
0.017391304347825987 0.30193439865433147
0.017391304347825987 0.3069806560134567
0.022608695652173827 0.3120269133725819
0.026086956521739202 0.3170731707317074
0.029565217391304355 0.3238015138772077
0.040000000000000036 0.3221194280908326
0.0417391304347825 0.3238015138772077
0.050434782608695716 0.32716568544995805
0.05391304347826087 0.32716568544995805
0.05739130434782602 0.32716568544995805
0.05739130434782602 0.32884777123633313
0.05391304347826087 0.3305298570227082
0.050434782608695716 0.32884777123633313
0.045217391304347876 0.32884777123633313
0.0417391304347825 0.3322119428090833
0.0417391304347825 0.3238015138772077
0.040000000000000036 0.3238015138772077
0.040000000000000036 0.32043734230445753
0.04347826086956519 0.31875525651808245
0.04347826086956519 0.3120269133725819
0.034782608695652195 0.3086627417998318
0.034782608695652195 0.30361648444070655
0.019130434782608674 0.3002523128679562
0.01565217391304352 0.29520605550883094
0.006956521739130528 0.29352396972245587
0.0 0.29520605550883094
0.0 0.296888141295206
0.0 0.30193439865433147
0.0 0.3002523128679562
-0.003478260869565264 0.296888141295206
-0.00521739130434784 0.29352396972245587
-0.008695652173912993 0.28847771236333064
-0.013913043478260834 0.28679562657695534
-0.01565217391304352 0.2834314550042052
-0.01565217391304352 0.2817493692178301
-0.01565217391304352 0.28006728343145504
-0.01565217391304352 0.2750210260723296
-0.012173913043478257 0.2817493692178301
-0.01043478260869568 0.2834314550042052
-0.003478260869565264 0.28511354079058027
0.0017391304347826875 0.29352396972245587
0.01043478260869568 0.2985702270815811
0.013913043478260834 0.30193439865433147
0.012173913043478368 0.30361648444070655
0.022608695652173827 0.31034482758620685
0.022608695652173827 0.31034482758620685
0.03304347826086951 0.3153910849453323
0.0417391304347825 0.3170731707317074
0.04695652173913034 0.3238015138772077
0.04347826086956519 0.33389402859545836
0.05217391304347818 0.34398654331370904
0.06434782608695655 0.3557611438183348
0.06956521739130439 0.36585365853658547
0.08173913043478254 0.3759461732548359
0.09565217391304337 0.3860386879730866
0.10956521739130443 0.38940285954583675
0.12347826086956526 0.4011774600504625
0.1373913043478261 0.4011774600504625
0.1460869565217391 0.40790580319596303
0.16521739130434776 0.4095878889823381
0.1791304347826086 0.41295206055508826
0.18956521739130427 0.4179983179142137
0.1982608695652175 0.42809083263246417
0.2139130434782608 0.44659377628259045
0.23304347826086946 0.46173254835996635
0.2626086956521738 0.4903280067283431
0.30260869565217385 0.5189234650967198
0.36347826086956525 0.5508830950378469
0.4365217391304348 0.6030277544154752
0.5217391304347827 0.6568544995794785
0.6121739130434782 0.7123633305298571
0.7060869565217391 0.7645079899074854
0.7878260869565217 0.7931034482758621
0.8486956521739131 0.7846930193439865
0.8817391304347826 0.7409587888982339
0.8730434782608696 0.663582842724979
0.8156521739130436 0.5727502102607234
0.7008695652173913 0.48528174936921786
0.5356521739130435 0.41295206055508826
0.32695652173913037 0.35071488645920934
0.10608695652173905 0.3052985702270816
-0.09913043478260875 0.26156433978132876
-0.2486956521739131 0.21783010933557612
-0.31999999999999995 0.18082422203532378
-0.3182608695652174 0.15391084945332212
-0.26956521739130435 0.14381833473507144
-0.19304347826086954 0.15391084945332212
-0.11652173913043473 0.1791421362489487
-0.05217391304347829 0.2127838519764509
-0.012173913043478257 0.249789739276703
0.00521739130434784 0.28006728343145504
0.008695652173912993 0.29520605550883094
0.0 0.313708999158957
-0.012173913043478257 0.31034482758620685
-0.024347826086956514 0.3052985702270816
-0.029565217391304355 0.30193439865433147
-0.03130434782608693 0.296888141295206
-0.029565217391304355 0.30193439865433147
-0.02608695652173909 0.3052985702270816
-0.022608695652173938 0.3052985702270816
-0.02086956521739125 0.3120269133725819
-0.017391304347826098 0.3120269133725819
-0.012173913043478257 0.313708999158957
-0.012173913043478257 0.3120269133725819
-0.013913043478260834 0.31034482758620685
-0.01043478260869568 0.3069806560134567
-0.013913043478260834 0.3052985702270816
-0.01565217391304352 0.3086627417998318
-0.017391304347826098 0.3052985702270816
-0.022608695652173938 0.3052985702270816
-0.019130434782608674 0.31034482758620685
-0.02086956521739125 0.31034482758620685
-0.022608695652173938 0.313708999158957
-0.01565217391304352 0.3153910849453323
-0.01565217391304352 0.31875525651808245
-0.012173913043478257 0.313708999158957
-0.017391304347826098 0.3120269133725819
-0.02086956521739125 0.3120269133725819
-0.024347826086956514 0.3069806560134567
-0.024347826086956514 0.3069806560134567
-0.024347826086956514 0.3052985702270816
-0.02608695652173909 0.3069806560134567
-0.024347826086956514 0.31034482758620685
-0.022608695652173938 0.3120269133725819
-0.022608695652173938 0.3153910849453323
-0.017391304347826098 0.3153910849453323
-0.017391304347826098 0.3170731707317074
-0.017391304347826098 0.3170731707317074
-0.024347826086956514 0.31034482758620685
-0.02086956521739125 0.31034482758620685
-0.029565217391304355 0.31034482758620685
-0.029565217391304355 0.3069806560134567
-0.02782608695652178 0.3086627417998318
-0.02782608695652178 0.313708999158957
-0.03130434782608693 0.3153910849453323
-0.024347826086956514 0.31875525651808245
-0.029565217391304355 0.31875525651808245
-0.022608695652173938 0.31875525651808245
-0.024347826086956514 0.3238015138772077
-0.019130434782608674 0.3221194280908326
-0.02086956521739125 0.3221194280908326
-0.019130434782608674 0.32548359966358276
-0.02086956521739125 0.32716568544995805
-0.02086956521739125 0.32548359966358276
-0.02086956521739125 0.32548359966358276
-0.022608695652173938 0.3305298570227082
-0.019130434782608674 0.3322119428090833
-0.019130434782608674 0.3372582001682085
-0.01565217391304352 0.3406223717409589
-0.01043478260869568 0.3473507148864592
-0.00521739130434784 0.3456686291000841
-0.006956521739130417 0.3473507148864592
0.0017391304347826875 0.3540790580319597
0.0017391304347826875 0.3540790580319597
0.0 0.3557611438183348
-0.0017391304347825765 0.35071488645920934
0.003478260869565153 0.35744322960470987
0.00521739130434784 0.36080740117746
0.00521739130434784 0.36585365853658547
0.012173913043478368 0.3708999158957107
0.02086956521739136 0.3759461732548359
0.03130434782608704 0.38267451640033645
0.034782608695652195 0.38267451640033645
0.040000000000000036 0.38267451640033645
0.045217391304347876 0.38267451640033645
0.0417391304347825 0.3793103448275863
0.04695652173913034 0.3809924306139614
0.0417391304347825 0.377628259041211
0.040000000000000036 0.36753574432296054
0.040000000000000036 0.3692178301093356
0.040000000000000036 0.3692178301093356
0.0417391304347825 0.3692178301093356
0.040000000000000036 0.36080740117746
0.04347826086956519 0.3624894869638351
0.0417391304347825 0.35744322960470987
0.03826086956521735 0.35744322960470987
0.034782608695652195 0.3523969722455844
0.026086956521739202 0.3473507148864592
0.022608695652173827 0.34398654331370904
0.01565217391304352 0.3372582001682085
0.013913043478260834 0.33557611438183343
0.008695652173912993 0.3305298570227082
0.01043478260869568 0.32716568544995805
0.008695652173912993 0.32884777123633313
0.008695652173912993 0.32884777123633313
0.01043478260869568 0.33389402859545836
0.013913043478260834 0.3322119428090833
0.013913043478260834 0.32548359966358276
0.01043478260869568 0.3238015138772077
0.012173913043478368 0.3221194280908326
0.013913043478260834 0.3153910849453323
0.017391304347825987 0.3153910849453323
0.024347826086956514 0.3153910849453323
0.03130434782608704 0.3153910849453323
0.03652173913043488 0.31875525651808245
0.04869565217391303 0.32043734230445753
0.04695652173913034 0.3221194280908326
0.04869565217391303 0.3238015138772077
0.045217391304347876 0.32716568544995805
0.03304347826086951 0.32716568544995805
0.03304347826086951 0.32548359966358276
0.024347826086956514 0.32716568544995805
0.017391304347825987 0.3238015138772077
0.006956521739130528 0.3221194280908326
-0.0017391304347825765 0.3238015138772077
-0.00521739130434784 0.3238015138772077
-0.008695652173912993 0.3322119428090833
0.0 0.3322119428090833
0.00521739130434784 0.33389402859545836
0.01565217391304352 0.33557611438183343
0.017391304347825987 0.33389402859545836
0.024347826086956514 0.33389402859545836
0.024347826086956514 0.33389402859545836
0.024347826086956514 0.3305298570227082
0.019130434782608674 0.3305298570227082
0.017391304347825987 0.3305298570227082
0.008695652173912993 0.3305298570227082
0.006956521739130528 0.3322119428090833
0.003478260869565153 0.3305298570227082
0.013913043478260834 0.3372582001682085
0.013913043478260834 0.3372582001682085
0.024347826086956514 0.3372582001682085
0.027826086956521667 0.3372582001682085
0.03130434782608704 0.3372582001682085
0.03304347826086951 0.33557611438183343
0.027826086956521667 0.33557611438183343
0.026086956521739202 0.3322119428090833
0.024347826086956514 0.3322119428090833
0.024347826086956514 0.32716568544995805
0.022608695652173827 0.32884777123633313
0.026086956521739202 0.32716568544995805
0.029565217391304355 0.32884777123633313
0.027826086956521667 0.3322119428090833
0.027826086956521667 0.33557611438183343
0.03304347826086951 0.3322119428090833
0.03130434782608704 0.3305298570227082
0.03130434782608704 0.32884777123633313
0.029565217391304355 0.32716568544995805
0.03130434782608704 0.32548359966358276
0.029565217391304355 0.3238015138772077
0.029565217391304355 0.31875525651808245
0.024347826086956514 0.32043734230445753
0.026086956521739202 0.31875525651808245
0.026086956521739202 0.32548359966358276
0.03304347826086951 0.32043734230445753
0.040000000000000036 0.3221194280908326
0.0417391304347825 0.3221194280908326
0.040000000000000036 0.3221194280908326
0.034782608695652195 0.32043734230445753
0.027826086956521667 0.3170731707317074
0.019130434782608674 0.31875525651808245
0.008695652173912993 0.313708999158957
0.006956521739130528 0.3120269133725819
0.01043478260869568 0.3120269133725819
0.012173913043478368 0.313708999158957
0.008695652173912993 0.313708999158957
0.003478260869565153 0.3170731707317074
0.0017391304347826875 0.31875525651808245
-0.00521739130434784 0.3170731707317074
-0.008695652173912993 0.32043734230445753
-0.003478260869565264 0.3221194280908326
-0.0017391304347825765 0.3170731707317074
-0.003478260869565264 0.313708999158957
-0.003478260869565264 0.313708999158957
0.0 0.3120269133725819
-0.00521739130434784 0.31034482758620685
-0.0017391304347825765 0.3153910849453323
0.0 0.3170731707317074
0.003478260869565153 0.31875525651808245
0.006956521739130528 0.3221194280908326
0.013913043478260834 0.32548359966358276
0.019130434782608674 0.32884777123633313
0.024347826086956514 0.3305298570227082
0.026086956521739202 0.33389402859545836
0.027826086956521667 0.3406223717409589
0.026086956521739202 0.3372582001682085
0.03130434782608704 0.3389402859545836
0.03130434782608704 0.34398654331370904
0.03304347826086951 0.34398654331370904
0.0417391304347825 0.34230445752733396
0.04869565217391303 0.3456686291000841
0.04695652173913034 0.3523969722455844
0.05565217391304356 0.35071488645920934
0.05391304347826087 0.3523969722455844
0.05565217391304356 0.3523969722455844
0.05391304347826087 0.3523969722455844
0.04869565217391303 0.3473507148864592
0.04347826086956519 0.34230445752733396
0.04347826086956519 0.33557611438183343
0.040000000000000036 0.33389402859545836
0.034782608695652195 0.3322119428090833
0.03652173913043488 0.32884777123633313
0.03130434782608704 0.33389402859545836
0.026086956521739202 0.33389402859545836
0.03130434782608704 0.33557611438183343
0.024347826086956514 0.32884777123633313
0.024347826086956514 0.32716568544995805
0.013913043478260834 0.3170731707317074
0.01565217391304352 0.3153910849453323
0.006956521739130528 0.3120269133725819
0.008695652173912993 0.3069806560134567
0.0017391304347826875 0.3086627417998318
0.0 0.3120269133725819
-0.00521739130434784 0.3069806560134567
-0.00521739130434784 0.3069806560134567
-0.006956521739130417 0.3052985702270816
-0.008695652173912993 0.30193439865433147
-0.006956521739130417 0.296888141295206
-0.008695652173912993 0.296888141295206
-0.008695652173912993 0.29520605550883094
-0.006956521739130417 0.29352396972245587
-0.0017391304347825765 0.29352396972245587
0.0 0.29352396972245587
-0.003478260869565264 0.296888141295206
0.0017391304347826875 0.3002523128679562
0.006956521739130528 0.3069806560134567
0.013913043478260834 0.31034482758620685
0.022608695652173827 0.313708999158957
0.029565217391304355 0.3221194280908326
0.03652173913043488 0.32548359966358276
0.040000000000000036 0.32548359966358276
0.0417391304347825 0.32884777123633313
0.0417391304347825 0.3305298570227082
0.0417391304347825 0.3322119428090833
0.050434782608695716 0.34230445752733396
0.05565217391304356 0.3523969722455844
0.06608695652173924 0.3624894869638351
0.07478260869565223 0.3692178301093356
0.09565217391304337 0.377628259041211
0.10608695652173905 0.38940285954583675
0.12173913043478257 0.39781328847771236
0.13391304347826094 0.39949537426408743
0.14260869565217393 0.40622371740958796
0.15652173913043477 0.4095878889823381
0.16869565217391314 0.4095878889823381
0.17565217391304344 0.4179983179142137
0.19130434782608696 0.42304457527333894
0.19999999999999996 0.4331370899915896
0.20869565217391295 0.4449116904962154
0.22434782608695647 0.4667788057190916
0.25043478260869567 0.49537426408746854
0.2904347826086957 0.5273338940285954
0.3443478260869566 0.569386038687973
0.4121739130434783 0.6114381833473508
0.4869565217391305 0.6669470142977292
0.5721739130434782 0.7241379310344827
0.6643478260869564 0.7779646761984862
0.7478260869565216 0.8048780487804879
0.8139130434782609 0.791421362489487
0.8486956521739131 0.7392767031118588
0.8400000000000001 0.6551724137931034
0.7791304347826087 0.5592935239697225
0.6556521739130434 0.4667788057190916
0.49217391304347835 0.3961312026913373
0.2921739130434782 0.35071488645920934
0.0765217391304347 0.30361648444070655
-0.10956521739130431 0.2682926829268293
-0.23826086956521741 0.2279226240538268
-0.288695652173913 0.1942809083263246
-0.27652173913043476 0.17746005046257363
-0.22086956521739132 0.17746005046257363
-0.14956521739130435 0.1942809083263246
-0.08347826086956522 0.22119428090832627
-0.02782608695652178 0.25651808242220353
-0.00521739130434784 0.28511354079058027
0.013913043478260834 0.31034482758620685
0.01043478260869568 0.32716568544995805
-0.0017391304347825765 0.3305298570227082
-0.017391304347826098 0.32884777123633313
-0.024347826086956514 0.3322119428090833
-0.02608695652173909 0.32548359966358276
-0.024347826086956514 0.32716568544995805
-0.02086956521739125 0.32716568544995805
-0.013913043478260834 0.3322119428090833
-0.013913043478260834 0.3322119428090833
-0.006956521739130417 0.32884777123633313
-0.006956521739130417 0.3305298570227082
-0.0017391304347825765 0.32884777123633313
0.0 0.32716568544995805
0.0017391304347826875 0.32548359966358276
0.00521739130434784 0.32884777123633313
0.008695652173912993 0.32884777123633313
0.008695652173912993 0.3238015138772077
0.006956521739130528 0.3238015138772077
0.008695652173912993 0.3221194280908326
0.006956521739130528 0.3221194280908326
0.00521739130434784 0.32548359966358276
0.008695652173912993 0.32884777123633313
0.008695652173912993 0.3322119428090833
0.012173913043478368 0.33557611438183343
0.01565217391304352 0.33389402859545836
0.019130434782608674 0.3322119428090833
0.019130434782608674 0.3305298570227082
0.022608695652173827 0.32884777123633313
0.01565217391304352 0.32884777123633313
0.012173913043478368 0.3238015138772077
0.008695652173912993 0.32043734230445753
0.006956521739130528 0.32716568544995805
0.006956521739130528 0.32884777123633313
0.01043478260869568 0.3322119428090833
0.017391304347825987 0.3372582001682085
0.019130434782608674 0.3406223717409589
0.02086956521739136 0.34230445752733396
0.022608695652173827 0.34398654331370904
0.022608695652173827 0.34398654331370904
0.017391304347825987 0.3406223717409589
0.01565217391304352 0.3389402859545836
0.012173913043478368 0.3406223717409589
0.00521739130434784 0.3406223717409589
0.003478260869565153 0.3406223717409589
0.0 0.3456686291000841
0.00521739130434784 0.35071488645920934
0.01043478260869568 0.3540790580319597
0.013913043478260834 0.35912531539108494
0.024347826086956514 0.35912531539108494
0.024347826086956514 0.36417157275021017
0.03130434782608704 0.36417157275021017
0.027826086956521667 0.36585365853658547
0.027826086956521667 0.36585365853658547
0.02086956521739136 0.36585365853658547
0.01565217391304352 0.36753574432296054
0.019130434782608674 0.3708999158957107
0.024347826086956514 0.3725820016820858
0.027826086956521667 0.3759461732548359
0.029565217391304355 0.3793103448275863
0.027826086956521667 0.3843566021867115
0.03304347826086951 0.38940285954583675
0.03304347826086951 0.3860386879730866
0.034782608695652195 0.38940285954583675
0.03652173913043488 0.39108494533221205
0.03652173913043488 0.39108494533221205
0.040000000000000036 0.39108494533221205
0.04347826086956519 0.3961312026913373
0.045217391304347876 0.39949537426408743
0.04869565217391303 0.4028595458368376
0.05565217391304356 0.4045416316232129
0.05913043478260871 0.40790580319596303
0.06434782608695655 0.4196804037005888
0.0678260869565217 0.4179983179142137
0.07130434782608686 0.4163162321278384
0.07304347826086954 0.4163162321278384
0.07478260869565223 0.4095878889823381
0.0765217391304347 0.41295206055508826
0.0765217391304347 0.4028595458368376
0.07304347826086954 0.39949537426408743
0.0678260869565217 0.39781328847771236
0.06260869565217386 0.3961312026913373
0.05739130434782602 0.39108494533221205
0.05391304347826087 0.3860386879730866
0.05565217391304356 0.3809924306139614
0.05565217391304356 0.3809924306139614
0.050434782608695716 0.3793103448275863
0.05565217391304356 0.377628259041211
0.04695652173913034 0.36585365853658547
0.045217391304347876 0.36585365853658547
0.03826086956521735 0.35912531539108494
0.03130434782608704 0.3540790580319597
0.029565217391304355 0.3557611438183348
0.03130434782608704 0.3557611438183348
0.03304347826086951 0.3540790580319597
0.03652173913043488 0.36080740117746
0.03652173913043488 0.36417157275021017
0.03826086956521735 0.36417157275021017
0.03652173913043488 0.36417157275021017
0.03304347826086951 0.3624894869638351
0.03130434782608704 0.3557611438183348
0.029565217391304355 0.35744322960470987
0.027826086956521667 0.3557611438183348
0.027826086956521667 0.3540790580319597
0.027826086956521667 0.35071488645920934
0.029565217391304355 0.35071488645920934
0.03130434782608704 0.35744322960470987
0.034782608695652195 0.35744322960470987
0.03652173913043488 0.3624894869638351
0.040000000000000036 0.3692178301093356
0.045217391304347876 0.3692178301093356
0.0417391304347825 0.3692178301093356
0.04347826086956519 0.3692178301093356
0.04347826086956519 0.36753574432296054
0.04695652173913034 0.36753574432296054
0.04695652173913034 0.36585365853658547
0.050434782608695716 0.36417157275021017
0.05391304347826087 0.3624894869638351
0.05217391304347818 0.36585365853658547
0.05391304347826087 0.36753574432296054
0.05391304347826087 0.3692178301093356
0.05565217391304356 0.3725820016820858
0.05391304347826087 0.36753574432296054
0.06260869565217386 0.3692178301093356
0.0678260869565217 0.36585365853658547
0.06956521739130439 0.36585365853658547
0.06956521739130439 0.36417157275021017
0.06260869565217386 0.36753574432296054
0.06434782608695655 0.36585365853658547
0.05913043478260871 0.36417157275021017
0.06260869565217386 0.3725820016820858
0.0678260869565217 0.36753574432296054
0.07478260869565223 0.37426408746846085
0.08000000000000007 0.37426408746846085
0.0765217391304347 0.3708999158957107
0.07478260869565223 0.36753574432296054
0.06956521739130439 0.3692178301093356
0.06608695652173924 0.3624894869638351
0.06434782608695655 0.36080740117746
0.05913043478260871 0.36080740117746
0.05913043478260871 0.35744322960470987
0.05565217391304356 0.35912531539108494
0.05391304347826087 0.35912531539108494
0.05739130434782602 0.3624894869638351
0.05739130434782602 0.3624894869638351
0.05913043478260871 0.36585365853658547
0.06608695652173924 0.36585365853658547
0.0678260869565217 0.36417157275021017
0.06434782608695655 0.36080740117746
0.06434782608695655 0.3557611438183348
0.0608695652173914 0.35071488645920934
0.0608695652173914 0.3523969722455844
0.0608695652173914 0.35071488645920934
0.06434782608695655 0.3473507148864592
0.0608695652173914 0.34903280067283426
0.06434782608695655 0.3473507148864592
0.06434782608695655 0.34903280067283426
0.06608695652173924 0.3540790580319597
0.0678260869565217 0.3473507148864592
0.0678260869565217 0.3456686291000841
0.07130434782608686 0.34398654331370904
0.06956521739130439 0.34230445752733396
0.06956521739130439 0.34230445752733396
0.06608695652173924 0.3406223717409589
0.05913043478260871 0.3406223717409589
0.05739130434782602 0.3406223717409589
0.0608695652173914 0.3372582001682085
0.0608695652173914 0.3389402859545836
0.05739130434782602 0.3389402859545836
0.0608695652173914 0.3389402859545836
0.05913043478260871 0.3389402859545836
0.06260869565217386 0.3372582001682085
0.05913043478260871 0.3305298570227082
0.06434782608695655 0.32884777123633313
0.05913043478260871 0.32884777123633313
0.05565217391304356 0.32548359966358276
0.050434782608695716 0.3305298570227082
0.050434782608695716 0.3372582001682085
0.05565217391304356 0.3389402859545836
0.05739130434782602 0.34230445752733396
0.06260869565217386 0.34398654331370904
0.06956521739130439 0.3540790580319597
0.0765217391304347 0.3540790580319597
0.07478260869565223 0.35912531539108494
0.0765217391304347 0.35912531539108494
0.07304347826086954 0.36080740117746
0.07130434782608686 0.36080740117746
0.07304347826086954 0.35744322960470987
0.07130434782608686 0.3624894869638351
0.07304347826086954 0.36753574432296054
0.08173913043478254 0.3725820016820858
0.08695652173913038 0.377628259041211
0.08869565217391306 0.3809924306139614
0.08869565217391306 0.3793103448275863
0.09043478260869575 0.3759461732548359
0.09043478260869575 0.3692178301093356
0.08695652173913038 0.36080740117746
0.07826086956521738 0.3540790580319597
0.0765217391304347 0.35071488645920934
0.07304347826086954 0.34903280067283426
0.0678260869565217 0.35071488645920934
0.06608695652173924 0.3540790580319597
0.06434782608695655 0.3540790580319597
0.05913043478260871 0.35744322960470987
0.050434782608695716 0.35071488645920934
0.05391304347826087 0.3473507148864592
0.050434782608695716 0.34398654331370904
0.04695652173913034 0.34398654331370904
0.04869565217391303 0.3389402859545836
0.04695652173913034 0.33389402859545836
0.0417391304347825 0.32716568544995805
0.034782608695652195 0.3238015138772077
0.024347826086956514 0.32043734230445753
0.022608695652173827 0.3153910849453323
0.017391304347825987 0.3153910849453323
0.024347826086956514 0.313708999158957
0.026086956521739202 0.3221194280908326
0.034782608695652195 0.3238015138772077
0.040000000000000036 0.3238015138772077
0.040000000000000036 0.32548359966358276
0.040000000000000036 0.32884777123633313
0.040000000000000036 0.32043734230445753
0.040000000000000036 0.32716568544995805
0.0417391304347825 0.32884777123633313
0.04869565217391303 0.33557611438183343
0.05565217391304356 0.3456686291000841
0.05913043478260871 0.3540790580319597
0.06956521739130439 0.36080740117746
0.08000000000000007 0.3708999158957107
0.08695652173913038 0.3793103448275863
0.0939130434782609 0.3809924306139614
0.09565217391304337 0.38940285954583675
0.10086956521739121 0.3944491169049622
0.10434782608695659 0.4028595458368376
0.11130434782608689 0.40622371740958796
0.12173913043478257 0.4179983179142137
0.13391304347826094 0.4179983179142137
0.14782608695652177 0.42977291841883947
0.15652173913043477 0.43650126156433977
0.17739130434782613 0.441547518923465
0.19478260869565212 0.45332211942809075
0.20869565217391295 0.4566862910008411
0.222608695652174 0.4650967199327165
0.231304347826087 0.47182506307821703
0.24347826086956514 0.4819175777964677
0.2556521739130435 0.4970563498738436
0.2730434782608695 0.5138772077375946
0.3078260869565217 0.5391084945332212
0.35478260869565226 0.5744322960470984
0.41565217391304343 0.6181665264928511
0.49217391304347835 0.6686291000841043
0.5826086956521739 0.727502102607233
0.6799999999999999 0.7796467619848613
0.768695652173913 0.8149705634987385
0.8521739130434782 0.8116063919259882
0.9078260869565218 0.7661900756938604
0.9199999999999999 0.6921783010933558
0.8886956521739131 0.5929352396972245
0.7947826086956522 0.49537426408746854
0.6573913043478261 0.4163162321278384
0.48173913043478267 0.3523969722455844
0.27826086956521734 0.3120269133725819
0.0678260869565217 0.28006728343145504
-0.11304347826086958 0.24642556770395285
-0.23652173913043473 0.21446593776282596
-0.2817391304347826 0.19091673675357446
-0.2643478260869565 0.18250630782169885
-0.19826086956521738 0.1875525651808243
-0.12 0.2111017661900756
-0.045217391304347876 0.23969722455845255
0.003478260869565153 0.2682926829268293
0.03652173913043488 0.30361648444070655
0.04695652173913034 0.32884777123633313
0.040000000000000036 0.34230445752733396
0.026086956521739202 0.3523969722455844
0.01565217391304352 0.3557611438183348
0.006956521739130528 0.35912531539108494
0.006956521739130528 0.35744322960470987
0.01043478260869568 0.3523969722455844
0.013913043478260834 0.3557611438183348
0.012173913043478368 0.35744322960470987
0.01565217391304352 0.35744322960470987
0.013913043478260834 0.3557611438183348
0.012173913043478368 0.3557611438183348
0.01565217391304352 0.3557611438183348
0.012173913043478368 0.36080740117746
0.017391304347825987 0.36417157275021017
0.024347826086956514 0.3692178301093356
0.026086956521739202 0.3708999158957107
0.029565217391304355 0.37426408746846085
0.029565217391304355 0.3725820016820858
0.027826086956521667 0.3708999158957107
0.027826086956521667 0.3708999158957107
0.022608695652173827 0.36585365853658547
0.019130434782608674 0.36585365853658547
0.012173913043478368 0.36753574432296054
0.01565217391304352 0.3692178301093356
0.01043478260869568 0.3725820016820858
0.01043478260869568 0.377628259041211
0.01565217391304352 0.3809924306139614
0.01565217391304352 0.3877207737594617
0.01565217391304352 0.3860386879730866
0.017391304347825987 0.3843566021867115
0.013913043478260834 0.37426408746846085
0.01043478260869568 0.3692178301093356
0.006956521739130528 0.3708999158957107
0.003478260869565153 0.36585365853658547
0.00521739130434784 0.3708999158957107
0.0017391304347826875 0.37426408746846085
0.006956521739130528 0.3843566021867115
0.012173913043478368 0.3877207737594617
0.008695652173912993 0.39108494533221205
0.00521739130434784 0.39276703111858713
-0.0017391304347825765 0.3877207737594617
-0.006956521739130417 0.39108494533221205
-0.01043478260869568 0.3860386879730866
-0.012173913043478257 0.3809924306139614
-0.01043478260869568 0.3843566021867115
-0.012173913043478257 0.3860386879730866
-0.012173913043478257 0.3860386879730866
-0.01043478260869568 0.3877207737594617
-0.01043478260869568 0.3944491169049622
-0.006956521739130417 0.39949537426408743
-0.0017391304347825765 0.40622371740958796
-0.003478260869565264 0.40790580319596303
0.0 0.40622371740958796
0.00521739130434784 0.41295206055508826
0.006956521739130528 0.41463414634146334
0.01043478260869568 0.41463414634146334
0.008695652173912993 0.4163162321278384
0.006956521739130528 0.4179983179142137
0.003478260869565153 0.4196804037005888
0.006956521739130528 0.424726661059714
0.008695652173912993 0.4264087468460891
0.01043478260869568 0.42977291841883947
0.017391304347825987 0.4348191757779647
0.022608695652173827 0.43650126156433977
0.03130434782608704 0.4398654331370899
0.040000000000000036 0.441547518923465
0.045217391304347876 0.4432296047098403
0.050434782608695716 0.4432296047098403
0.05565217391304356 0.44659377628259045
0.0608695652173914 0.44659377628259045
0.05913043478260871 0.44659377628259045
0.06434782608695655 0.4516400336417157
0.0608695652173914 0.4566862910008411
0.06260869565217386 0.46173254835996635
0.0678260869565217 0.4684608915054669
0.07478260869565223 0.47014297729184196
0.07826086956521738 0.47014297729184196
0.08521739130434791 0.4684608915054669
0.08869565217391306 0.4667788057190916
0.09739130434782606 0.46173254835996635
0.10086956521739121 0.45332211942809075
0.09913043478260875 0.4482758620689655
0.09217391304347822 0.4398654331370899
0.08347826086956522 0.4331370899915896
0.07826086956521738 0.43145500420521454
0.07826086956521738 0.43145500420521454
0.08347826086956522 0.42809083263246417
0.08173913043478254 0.42304457527333894
0.0765217391304347 0.42136248948696386
0.07826086956521738 0.4163162321278384
0.08000000000000007 0.40790580319596303
0.08000000000000007 0.4011774600504625
0.08173913043478254 0.39276703111858713
0.08000000000000007 0.3860386879730866
0.07826086956521738 0.377628259041211
0.07304347826086954 0.377628259041211
0.0678260869565217 0.3725820016820858
0.06608695652173924 0.3725820016820858
0.06434782608695655 0.3759461732548359
0.06608695652173924 0.37426408746846085
0.06956521739130439 0.3692178301093356
0.06956521739130439 0.36585365853658547
0.0678260869565217 0.36417157275021017
0.07130434782608686 0.3624894869638351
0.06608695652173924 0.36080740117746
0.0608695652173914 0.3624894869638351
0.05913043478260871 0.35744322960470987
0.05565217391304356 0.3523969722455844
0.05565217391304356 0.3540790580319597
0.05565217391304356 0.35071488645920934
0.0608695652173914 0.3557611438183348
0.0608695652173914 0.3540790580319597
0.06608695652173924 0.36080740117746
0.06260869565217386 0.3540790580319597
0.06434782608695655 0.35912531539108494
0.06260869565217386 0.3523969722455844
0.0608695652173914 0.3473507148864592
0.0608695652173914 0.3456686291000841
0.06434782608695655 0.3473507148864592
0.05739130434782602 0.3456686291000841
0.06260869565217386 0.3473507148864592
0.05913043478260871 0.3523969722455844
0.05913043478260871 0.35071488645920934
0.0608695652173914 0.3540790580319597
0.0678260869565217 0.3540790580319597
0.07130434782608686 0.3523969722455844
0.07304347826086954 0.34903280067283426
0.07478260869565223 0.3523969722455844
0.07826086956521738 0.3473507148864592
0.07826086956521738 0.34398654331370904
0.07130434782608686 0.34230445752733396
0.07826086956521738 0.34230445752733396
0.07478260869565223 0.34230445752733396
0.07304347826086954 0.3456686291000841
0.0765217391304347 0.34230445752733396
0.0765217391304347 0.34903280067283426
0.07478260869565223 0.3523969722455844
0.07826086956521738 0.35071488645920934
0.08173913043478254 0.3473507148864592
0.08521739130434791 0.34230445752733396
0.08869565217391306 0.3389402859545836
0.08869565217391306 0.33557611438183343
0.08347826086956522 0.3322119428090833
0.0765217391304347 0.3322119428090833
0.0678260869565217 0.33389402859545836
0.06434782608695655 0.33389402859545836
0.06434782608695655 0.33389402859545836
0.0678260869565217 0.3406223717409589
0.07304347826086954 0.3389402859545836
0.07478260869565223 0.33557611438183343
0.07826086956521738 0.3322119428090833
0.08000000000000007 0.32716568544995805
0.07478260869565223 0.32716568544995805
0.07304347826086954 0.3221194280908326
0.07304347826086954 0.3221194280908326
0.07130434782608686 0.32043734230445753
0.07130434782608686 0.32043734230445753
0.0678260869565217 0.3238015138772077
0.0678260869565217 0.3221194280908326
0.06260869565217386 0.32548359966358276
0.05913043478260871 0.32548359966358276
0.05913043478260871 0.3238015138772077
0.05913043478260871 0.3221194280908326
0.05739130434782602 0.3221194280908326
0.0608695652173914 0.3153910849453323
0.06260869565217386 0.3153910849453323
0.06434782608695655 0.313708999158957
0.06608695652173924 0.3153910849453323
0.06956521739130439 0.3153910849453323
0.06956521739130439 0.31875525651808245
0.06956521739130439 0.31875525651808245
0.06956521739130439 0.3238015138772077
0.07304347826086954 0.31875525651808245
0.0765217391304347 0.31875525651808245
0.07130434782608686 0.31875525651808245
0.07304347826086954 0.3153910849453323
0.0678260869565217 0.3120269133725819
0.06608695652173924 0.3120269133725819
0.0678260869565217 0.3153910849453323
0.07130434782608686 0.3120269133725819
0.07130434782608686 0.313708999158957
0.08000000000000007 0.3170731707317074
0.08695652173913038 0.32548359966358276
0.08695652173913038 0.32884777123633313
0.08695652173913038 0.3305298570227082
0.08521739130434791 0.33557611438183343
0.08347826086956522 0.3406223717409589
0.08521739130434791 0.34230445752733396
0.08695652173913038 0.34398654331370904
0.08869565217391306 0.3473507148864592
0.08869565217391306 0.34398654331370904
0.09217391304347822 0.34230445752733396
0.09739130434782606 0.3523969722455844
0.09739130434782606 0.35744322960470987
0.1026086956521739 0.35912531539108494
0.1026086956521739 0.36753574432296054
0.10782608695652174 0.3708999158957107
0.10608695652173905 0.36585365853658547
0.09913043478260875 0.35912531539108494
0.09565217391304337 0.3540790580319597
0.09565217391304337 0.3473507148864592
0.09043478260869575 0.34398654331370904
0.08695652173913038 0.33389402859545836
0.08173913043478254 0.3389402859545836
0.07826086956521738 0.3389402859545836
0.07304347826086954 0.3406223717409589
0.06956521739130439 0.34230445752733396
0.06434782608695655 0.34230445752733396
0.06260869565217386 0.3372582001682085
0.06434782608695655 0.33389402859545836
0.06260869565217386 0.33389402859545836
0.05913043478260871 0.3322119428090833
0.05565217391304356 0.32548359966358276
0.04869565217391303 0.3238015138772077
0.04347826086956519 0.3153910849453323
0.034782608695652195 0.3086627417998318
0.029565217391304355 0.30193439865433147
0.026086956521739202 0.3069806560134567
0.022608695652173827 0.3052985702270816
0.019130434782608674 0.31034482758620685
0.024347826086956514 0.3120269133725819
0.026086956521739202 0.31034482758620685
0.026086956521739202 0.3120269133725819
0.03130434782608704 0.3120269133725819
0.03826086956521735 0.3153910849453323
0.0417391304347825 0.3120269133725819
0.04695652173913034 0.31875525651808245
0.04695652173913034 0.3221194280908326
0.04695652173913034 0.32548359966358276
0.050434782608695716 0.33557611438183343
0.05565217391304356 0.34230445752733396
0.06434782608695655 0.34903280067283426
0.06956521739130439 0.3540790580319597
0.07826086956521738 0.3624894869638351
0.08695652173913038 0.36585365853658547
0.10086956521739121 0.37426408746846085
0.10956521739130443 0.3793103448275863
0.1200000000000001 0.3843566021867115
0.1269565217391304 0.39276703111858713
0.1356521739130434 0.3961312026913373
0.15130434782608693 0.40622371740958796
0.16695652173913045 0.4112699747687132
0.18434782608695643 0.4179983179142137
0.1982608695652175 0.424726661059714
0.21739130434782616 0.4348191757779647
0.22782608695652184 0.4398654331370899
0.24 0.4499579478553406
0.2539130434782608 0.45500420521446583
0.26956521739130435 0.4735071488645921
0.297391304347826 0.4903280067283431
0.33913043478260874 0.5155592935239697
0.3930434782608696 0.5492010092514719
0.4591304347826086 0.5929352396972245
0.5408695652173914 0.6417157275021026
0.6330434782608696 0.6955424726661059
0.7304347826086957 0.7460050462573591
0.8226086956521739 0.7830109335576114
0.9008695652173913 0.789739276703112
0.9530434782608697 0.7661900756938604
0.9530434782608697 0.7123633305298571
0.9008695652173913 0.6417157275021026
0.7895652173913044 0.5677039529015979
0.6260869565217391 0.5071488645920943
0.43130434782608695 0.45332211942809075
0.20869565217391295 0.4028595458368376
0.006956521739130528 0.3540790580319597
-0.1617391304347826 0.30193439865433147
-0.26086956521739135 0.2514718250630783
-0.288695652173913 0.2043734230445753
-0.26086956521739135 0.18250630782169885
-0.20695652173913048 0.17409587888982347
-0.14260869565217393 0.18250630782169885
-0.09043478260869564 0.20100925147182513
-0.04869565217391303 0.22624053826745172
-0.019130434782608674 0.25651808242220353
-0.0017391304347825765 0.2834314550042052
0.006956521739130528 0.3120269133725819
0.0017391304347826875 0.3238015138772077
-0.0017391304347825765 0.3322119428090833
-0.006956521739130417 0.3322119428090833
-0.012173913043478257 0.33389402859545836
-0.013913043478260834 0.32884777123633313
-0.013913043478260834 0.32884777123633313
-0.012173913043478257 0.32716568544995805
-0.006956521739130417 0.32884777123633313
-0.008695652173912993 0.32716568544995805
-0.012173913043478257 0.32884777123633313
-0.013913043478260834 0.3305298570227082
-0.01565217391304352 0.3322119428090833
-0.013913043478260834 0.33389402859545836
-0.013913043478260834 0.33389402859545836
-0.008695652173912993 0.33389402859545836
-0.006956521739130417 0.33557611438183343
-0.00521739130434784 0.3389402859545836
-0.003478260869565264 0.3389402859545836
-0.003478260869565264 0.3372582001682085
-0.008695652173912993 0.33389402859545836
-0.008695652173912993 0.3305298570227082
-0.012173913043478257 0.3305298570227082
-0.012173913043478257 0.32716568544995805
-0.01565217391304352 0.3305298570227082
-0.019130434782608674 0.3305298570227082
-0.01565217391304352 0.3322119428090833
-0.017391304347826098 0.3372582001682085
-0.01565217391304352 0.33389402859545836
-0.013913043478260834 0.33557611438183343
-0.008695652173912993 0.33557611438183343
-0.008695652173912993 0.3322119428090833
-0.013913043478260834 0.32884777123633313
-0.01565217391304352 0.32716568544995805
-0.02086956521739125 0.32716568544995805
-0.02608695652173909 0.32548359966358276
-0.024347826086956514 0.3221194280908326
-0.022608695652173938 0.32884777123633313
-0.024347826086956514 0.33389402859545836
-0.02086956521739125 0.33389402859545836
-0.022608695652173938 0.33557611438183343
-0.02086956521739125 0.33557611438183343
-0.02086956521739125 0.3372582001682085
-0.02086956521739125 0.3372582001682085
-0.02608695652173909 0.3322119428090833
-0.024347826086956514 0.3322119428090833
-0.022608695652173938 0.3305298570227082
-0.024347826086956514 0.3305298570227082
-0.022608695652173938 0.33557611438183343
-0.019130434782608674 0.3389402859545836
-0.019130434782608674 0.3389402859545836
-0.019130434782608674 0.3456686291000841
-0.013913043478260834 0.34903280067283426
-0.012173913043478257 0.35071488645920934
-0.012173913043478257 0.35071488645920934
-0.012173913043478257 0.3523969722455844
-0.008695652173912993 0.3523969722455844
-0.008695652173912993 0.3523969722455844
-0.01043478260869568 0.35071488645920934
-0.01043478260869568 0.35744322960470987
-0.012173913043478257 0.3540790580319597
-0.012173913043478257 0.35912531539108494
-0.006956521739130417 0.36753574432296054
-0.00521739130434784 0.3725820016820858
-0.0017391304347825765 0.3725820016820858
0.006956521739130528 0.377628259041211
0.012173913043478368 0.377628259041211
0.017391304347825987 0.3793103448275863
0.017391304347825987 0.38267451640033645
0.022608695652173827 0.38267451640033645
0.026086956521739202 0.3843566021867115
0.027826086956521667 0.3877207737594617
0.03304347826086951 0.38940285954583675
0.03304347826086951 0.39781328847771236
0.04347826086956519 0.39949537426408743
0.04695652173913034 0.4011774600504625
0.05217391304347818 0.40790580319596303
0.05565217391304356 0.4028595458368376
0.06260869565217386 0.39781328847771236
0.05391304347826087 0.3944491169049622
0.05217391304347818 0.39108494533221205
0.04695652173913034 0.3843566021867115
0.04695652173913034 0.3793103448275863
0.04347826086956519 0.3708999158957107
0.040000000000000036 0.37426408746846085
0.034782608695652195 0.36753574432296054
0.040000000000000036 0.36585365853658547
0.03826086956521735 0.36080740117746
0.03652173913043488 0.3624894869638351
0.03652173913043488 0.35912531539108494
0.03304347826086951 0.3557611438183348
0.03130434782608704 0.3523969722455844
0.027826086956521667 0.3473507148864592
0.022608695652173827 0.3456686291000841
0.024347826086956514 0.3456686291000841
0.02086956521739136 0.3372582001682085
0.022608695652173827 0.3389402859545836
0.024347826086956514 0.3389402859545836
0.026086956521739202 0.3389402859545836
0.026086956521739202 0.3406223717409589
0.026086956521739202 0.3473507148864592
0.027826086956521667 0.34230445752733396
0.026086956521739202 0.34398654331370904
0.019130434782608674 0.3406223717409589
0.019130434782608674 0.33557611438183343
0.019130434782608674 0.33389402859545836
0.017391304347825987 0.33389402859545836
0.017391304347825987 0.3322119428090833
0.017391304347825987 0.33557611438183343
0.019130434782608674 0.3406223717409589
0.02086956521739136 0.3456686291000841
0.022608695652173827 0.3456686291000841
0.026086956521739202 0.34903280067283426
0.022608695652173827 0.34398654331370904
0.026086956521739202 0.3473507148864592
0.026086956521739202 0.3473507148864592
0.027826086956521667 0.3456686291000841
0.026086956521739202 0.34398654331370904
0.024347826086956514 0.3456686291000841
0.024347826086956514 0.3456686291000841
0.024347826086956514 0.34398654331370904
0.02086956521739136 0.3456686291000841
0.024347826086956514 0.3523969722455844
0.024347826086956514 0.3540790580319597
0.026086956521739202 0.3540790580319597
0.029565217391304355 0.35912531539108494
0.03130434782608704 0.35071488645920934
0.03130434782608704 0.3540790580319597
0.03130434782608704 0.3540790580319597
0.027826086956521667 0.3523969722455844
0.027826086956521667 0.3473507148864592
0.029565217391304355 0.3523969722455844
0.024347826086956514 0.34903280067283426
0.022608695652173827 0.34903280067283426
0.027826086956521667 0.3473507148864592
0.027826086956521667 0.3557611438183348
0.029565217391304355 0.3540790580319597
0.026086956521739202 0.3540790580319597
0.03130434782608704 0.34903280067283426
0.029565217391304355 0.34903280067283426
0.029565217391304355 0.3473507148864592
0.024347826086956514 0.34230445752733396
0.022608695652173827 0.3389402859545836
0.019130434782608674 0.3456686291000841
0.02086956521739136 0.34230445752733396
0.022608695652173827 0.3406223717409589
0.024347826086956514 0.34398654331370904
0.026086956521739202 0.34398654331370904
0.027826086956521667 0.3456686291000841
0.027826086956521667 0.3389402859545836
0.026086956521739202 0.34230445752733396
0.026086956521739202 0.3389402859545836
0.02086956521739136 0.3406223717409589
0.017391304347825987 0.33389402859545836
0.013913043478260834 0.3322119428090833
0.012173913043478368 0.33389402859545836
0.01043478260869568 0.33389402859545836
0.013913043478260834 0.33389402859545836
0.013913043478260834 0.33389402859545836
0.017391304347825987 0.3372582001682085
0.01565217391304352 0.3389402859545836
0.017391304347825987 0.3406223717409589
0.01565217391304352 0.3372582001682085
0.01565217391304352 0.3372582001682085
0.019130434782608674 0.33557611438183343
0.02086956521739136 0.3322119428090833
0.01565217391304352 0.32716568544995805
0.012173913043478368 0.32716568544995805
0.01043478260869568 0.3305298570227082
0.008695652173912993 0.32884777123633313
0.01043478260869568 0.3305298570227082
0.01043478260869568 0.3322119428090833
0.012173913043478368 0.3406223717409589
0.01565217391304352 0.3372582001682085
0.01565217391304352 0.3389402859545836
0.019130434782608674 0.33557611438183343
0.01565217391304352 0.33557611438183343
0.019130434782608674 0.3372582001682085
0.019130434782608674 0.3372582001682085
0.024347826086956514 0.3389402859545836
0.022608695652173827 0.3473507148864592
0.027826086956521667 0.35071488645920934
0.03130434782608704 0.35912531539108494
0.03826086956521735 0.36080740117746
0.045217391304347876 0.35912531539108494
0.04869565217391303 0.36585365853658547
0.050434782608695716 0.36417157275021017
0.05391304347826087 0.36417157275021017
0.05391304347826087 0.36585365853658547
0.05391304347826087 0.3692178301093356
0.05217391304347818 0.36753574432296054
0.05391304347826087 0.36753574432296054
0.05217391304347818 0.3692178301093356
0.05391304347826087 0.3692178301093356
0.05565217391304356 0.36417157275021017
0.05217391304347818 0.35744322960470987
0.05217391304347818 0.3557611438183348
0.04869565217391303 0.3540790580319597
0.04695652173913034 0.3473507148864592
0.04695652173913034 0.34903280067283426
0.04347826086956519 0.34903280067283426
0.03130434782608704 0.35071488645920934
0.029565217391304355 0.3456686291000841
0.029565217391304355 0.3406223717409589
0.022608695652173827 0.3372582001682085
0.02086956521739136 0.3322119428090833
0.019130434782608674 0.33557611438183343
0.017391304347825987 0.33557611438183343
0.017391304347825987 0.33557611438183343
0.012173913043478368 0.3372582001682085
0.006956521739130528 0.3305298570227082
0.00521739130434784 0.3305298570227082
-0.003478260869565264 0.3221194280908326
-0.012173913043478257 0.313708999158957
-0.017391304347826098 0.31034482758620685
-0.01565217391304352 0.3120269133725819
-0.019130434782608674 0.313708999158957
-0.013913043478260834 0.3153910849453323
-0.01043478260869568 0.3170731707317074
-0.003478260869565264 0.3221194280908326
-0.0017391304347825765 0.3238015138772077
0.00521739130434784 0.3238015138772077
0.008695652173912993 0.32716568544995805
0.012173913043478368 0.3322119428090833
0.012173913043478368 0.3322119428090833
0.01043478260869568 0.33389402859545836
0.01043478260869568 0.33389402859545836
0.02086956521739136 0.33557611438183343
0.022608695652173827 0.34903280067283426
0.029565217391304355 0.3523969722455844
0.03826086956521735 0.3624894869638351
0.05217391304347818 0.36753574432296054
0.05913043478260871 0.37426408746846085
0.06956521739130439 0.38267451640033645
0.08000000000000007 0.3877207737594617
0.08869565217391306 0.3944491169049622
0.09565217391304337 0.4011774600504625
0.10782608695652174 0.4045416316232129
0.11652173913043473 0.4095878889823381
0.12521739130434772 0.41463414634146334
0.1356521739130434 0.42136248948696386
0.14782608695652177 0.43145500420521454
0.1704347826086956 0.43650126156433977
0.1878260869565218 0.44659377628259045
0.20173913043478264 0.45500420521446583
0.21565217391304348 0.4667788057190916
0.231304347826087 0.47687132043734226
0.2539130434782608 0.49537426408746854
0.2834782608695652 0.5138772077375946
0.3217391304347825 0.5374264087468461
0.37043478260869556 0.5660218671152228
0.43999999999999995 0.6063919259882253
0.5217391304347827 0.6551724137931034
0.6173913043478261 0.7123633305298571
0.72 0.761143818334735
0.8226086956521739 0.7880571909167366
0.8956521739130434 0.789739276703112
0.9321739130434783 0.7544154751892347
0.9182608695652175 0.6904962153069807
0.8434782608695652 0.616484440706476
0.7008695652173913 0.5374264087468461
0.5182608695652173 0.47687132043734226
0.297391304347826 0.4179983179142137
0.07478260869565223 0.36753574432296054
-0.1373913043478261 0.313708999158957
-0.27826086956521734 0.2598822539949537
-0.3339130434782609 0.22119428090832627
-0.3252173913043478 0.19932716568545006
-0.26260869565217393 0.1942809083263246
-0.18260869565217386 0.20941968040370051
-0.10782608695652174 0.23296888141295202
-0.055652173913043446 0.26324642556770406
-0.017391304347826098 0.29352396972245587
-0.0017391304347825765 0.313708999158957
0.00521739130434784 0.3305298570227082
-0.003478260869565264 0.3406223717409589
-0.01565217391304352 0.34398654331370904
-0.02782608695652178 0.3406223717409589
-0.02782608695652178 0.3406223717409589
-0.02782608695652178 0.34398654331370904
-0.022608695652173938 0.34398654331370904
-0.01565217391304352 0.3456686291000841
-0.008695652173912993 0.34398654331370904
-0.00521739130434784 0.34903280067283426
-0.012173913043478257 0.3456686291000841
-0.013913043478260834 0.3456686291000841
-0.01565217391304352 0.3406223717409589
-0.022608695652173938 0.3406223717409589
-0.02086956521739125 0.34230445752733396
-0.022608695652173938 0.34398654331370904
-0.017391304347826098 0.34230445752733396
-0.013913043478260834 0.3473507148864592
-0.013913043478260834 0.3473507148864592
-0.01043478260869568 0.34903280067283426
-0.012173913043478257 0.34903280067283426
-0.008695652173912993 0.35071488645920934
-0.013913043478260834 0.35071488645920934
-0.022608695652173938 0.34398654331370904
-0.02086956521739125 0.34398654331370904
-0.022608695652173938 0.34398654331370904
-0.024347826086956514 0.34398654331370904
-0.022608695652173938 0.34230445752733396
-0.02086956521739125 0.3456686291000841
-0.017391304347826098 0.34903280067283426
-0.017391304347826098 0.3540790580319597
-0.017391304347826098 0.3557611438183348
-0.02086956521739125 0.3540790580319597
-0.017391304347826098 0.35071488645920934
-0.02086956521739125 0.3473507148864592
-0.022608695652173938 0.34903280067283426
-0.024347826086956514 0.3473507148864592
-0.022608695652173938 0.3456686291000841
-0.02608695652173909 0.35071488645920934
-0.03130434782608693 0.35071488645920934
-0.024347826086956514 0.3540790580319597
-0.024347826086956514 0.34903280067283426
-0.019130434782608674 0.3624894869638351
-0.017391304347826098 0.35912531539108494
-0.01565217391304352 0.35912531539108494
-0.019130434782608674 0.36417157275021017
-0.013913043478260834 0.35744322960470987
-0.012173913043478257 0.35912531539108494
-0.017391304347826098 0.35744322960470987
-0.01565217391304352 0.3624894869638351
-0.019130434782608674 0.36585365853658547
-0.01565217391304352 0.3725820016820858
-0.013913043478260834 0.377628259041211
-0.008695652173912993 0.3793103448275863
-0.01043478260869568 0.3843566021867115
-0.00521739130434784 0.38267451640033645
0.0017391304347826875 0.3877207737594617
0.0017391304347826875 0.3860386879730866
0.0017391304347826875 0.3843566021867115
-0.0017391304347825765 0.3877207737594617
0.0 0.3877207737594617
-0.003478260869565264 0.38940285954583675
-0.008695652173912993 0.39108494533221205
0.0017391304347826875 0.39949537426408743
0.00521739130434784 0.4028595458368376
0.013913043478260834 0.4112699747687132
0.02086956521739136 0.40790580319596303
0.026086956521739202 0.41463414634146334
0.029565217391304355 0.41295206055508826
0.03130434782608704 0.4179983179142137
0.03304347826086951 0.4163162321278384
0.03304347826086951 0.4179983179142137
0.03652173913043488 0.41295206055508826
0.03826086956521735 0.41463414634146334
0.0417391304347825 0.4163162321278384
0.045217391304347876 0.4095878889823381
0.040000000000000036 0.4095878889823381
0.045217391304347876 0.4095878889823381
0.040000000000000036 0.4112699747687132
0.040000000000000036 0.40622371740958796
0.03826086956521735 0.39781328847771236
0.034782608695652195 0.39276703111858713
0.027826086956521667 0.3843566021867115
0.026086956521739202 0.3809924306139614
0.02086956521739136 0.3759461732548359
0.019130434782608674 0.3725820016820858
0.01565217391304352 0.36753574432296054
0.012173913043478368 0.3708999158957107
0.012173913043478368 0.36585365853658547
0.01043478260869568 0.36080740117746
0.01043478260869568 0.36585365853658547
0.00521739130434784 0.36753574432296054
0.008695652173912993 0.36417157275021017
0.006956521739130528 0.36080740117746
0.00521739130434784 0.35912531539108494
0.003478260869565153 0.3540790580319597
0.00521739130434784 0.3557611438183348
0.0 0.3557611438183348
0.0017391304347826875 0.35744322960470987
-0.003478260869565264 0.3540790580319597
0.0 0.35912531539108494
0.0017391304347826875 0.35912531539108494
0.0017391304347826875 0.36417157275021017
0.003478260869565153 0.36080740117746
0.00521739130434784 0.35912531539108494
0.00521739130434784 0.3624894869638351
0.00521739130434784 0.3557611438183348
0.00521739130434784 0.3540790580319597
0.003478260869565153 0.3523969722455844
0.0017391304347826875 0.35071488645920934
0.003478260869565153 0.3540790580319597
0.00521739130434784 0.3523969722455844
0.00521739130434784 0.36080740117746
0.01043478260869568 0.36080740117746
0.013913043478260834 0.36585365853658547
0.017391304347825987 0.36417157275021017
0.024347826086956514 0.36417157275021017
0.022608695652173827 0.3624894869638351
0.02086956521739136 0.3624894869638351
0.019130434782608674 0.35912531539108494
0.02086956521739136 0.3523969722455844
0.017391304347825987 0.3557611438183348
0.01565217391304352 0.35744322960470987
0.01565217391304352 0.35744322960470987
0.02086956521739136 0.3624894869638351
0.022608695652173827 0.36417157275021017
0.026086956521739202 0.35912531539108494
0.024347826086956514 0.36080740117746
0.026086956521739202 0.36080740117746
0.022608695652173827 0.35744322960470987
0.019130434782608674 0.3523969722455844
0.02086956521739136 0.35071488645920934
0.019130434782608674 0.34903280067283426
0.02086956521739136 0.34903280067283426
0.017391304347825987 0.34903280067283426
0.01565217391304352 0.3540790580319597
0.01565217391304352 0.35071488645920934
0.013913043478260834 0.3523969722455844
0.01565217391304352 0.3540790580319597
0.017391304347825987 0.35744322960470987
0.013913043478260834 0.3540790580319597
0.017391304347825987 0.3523969722455844
0.02086956521739136 0.3523969722455844
0.01565217391304352 0.35071488645920934
0.008695652173912993 0.3456686291000841
0.008695652173912993 0.3406223717409589
0.006956521739130528 0.3389402859545836
0.003478260869565153 0.34230445752733396
0.00521739130434784 0.34230445752733396
0.006956521739130528 0.3456686291000841
0.01043478260869568 0.3456686291000841
0.01565217391304352 0.3456686291000841
0.017391304347825987 0.3473507148864592
0.01565217391304352 0.3473507148864592
0.012173913043478368 0.34230445752733396
0.00521739130434784 0.3406223717409589
0.00521739130434784 0.33557611438183343
0.003478260869565153 0.33389402859545836
0.0 0.3322119428090833
-0.003478260869565264 0.3322119428090833
0.0017391304347826875 0.3305298570227082
0.006956521739130528 0.33389402859545836
0.006956521739130528 0.3322119428090833
0.008695652173912993 0.3372582001682085
0.008695652173912993 0.33389402859545836
0.01043478260869568 0.3322119428090833
0.0 0.32716568544995805
0.0017391304347826875 0.32716568544995805
0.0 0.32548359966358276
0.0 0.32548359966358276
-0.003478260869565264 0.3238015138772077
0.0 0.32548359966358276
0.003478260869565153 0.32716568544995805
0.0 0.32716568544995805
0.00521739130434784 0.3305298570227082
0.006956521739130528 0.3322119428090833
0.008695652173912993 0.3322119428090833
0.01043478260869568 0.33389402859545836
0.01043478260869568 0.33389402859545836
0.008695652173912993 0.3305298570227082
0.008695652173912993 0.3322119428090833
0.013913043478260834 0.3322119428090833
0.013913043478260834 0.33389402859545836
0.02086956521739136 0.3389402859545836
0.024347826086956514 0.3473507148864592
0.024347826086956514 0.3557611438183348
0.027826086956521667 0.3557611438183348
0.034782608695652195 0.35912531539108494
0.03304347826086951 0.36080740117746
0.03652173913043488 0.36080740117746
0.03826086956521735 0.35912531539108494
0.03826086956521735 0.36080740117746
0.040000000000000036 0.36080740117746
0.03826086956521735 0.36585365853658547
0.0417391304347825 0.36753574432296054
0.040000000000000036 0.36585365853658547
0.0417391304347825 0.3692178301093356
0.0417391304347825 0.37426408746846085
0.045217391304347876 0.3692178301093356
0.04347826086956519 0.3692178301093356
0.0417391304347825 0.3624894869638351
0.0417391304347825 0.36080740117746
0.034782608695652195 0.35912531539108494
0.03826086956521735 0.3557611438183348
0.03130434782608704 0.3523969722455844
0.024347826086956514 0.3473507148864592
0.01565217391304352 0.34398654331370904
0.012173913043478368 0.3406223717409589
0.006956521739130528 0.33557611438183343
0.003478260869565153 0.3322119428090833
0.00521739130434784 0.3372582001682085
0.006956521739130528 0.33557611438183343
0.006956521739130528 0.33557611438183343
0.0017391304347826875 0.3389402859545836
0.0017391304347826875 0.3322119428090833
-0.006956521739130417 0.3322119428090833
-0.017391304347826098 0.3238015138772077
-0.02782608695652178 0.31875525651808245
-0.02782608695652178 0.3170731707317074
-0.03304347826086962 0.3120269133725819
-0.02782608695652178 0.3120269133725819
-0.024347826086956514 0.3153910849453323
-0.02608695652173909 0.3170731707317074
-0.02086956521739125 0.3153910849453323
-0.02086956521739125 0.3153910849453323
-0.01565217391304352 0.31875525651808245
-0.01565217391304352 0.31875525651808245
-0.01565217391304352 0.32043734230445753
-0.013913043478260834 0.3238015138772077
-0.012173913043478257 0.32548359966358276
-0.01043478260869568 0.3322119428090833
-0.003478260869565264 0.33389402859545836
0.0017391304347826875 0.34398654331370904
0.01043478260869568 0.3523969722455844
0.017391304347825987 0.35912531539108494
0.024347826086956514 0.36417157275021017
0.03130434782608704 0.3692178301093356
0.034782608695652195 0.37426408746846085
0.04347826086956519 0.38267451640033645
0.050434782608695716 0.3877207737594617
0.05739130434782602 0.39781328847771236
0.07130434782608686 0.40790580319596303
0.08000000000000007 0.4163162321278384
0.09565217391304337 0.424726661059714
0.10956521739130443 0.43650126156433977
0.12347826086956526 0.441547518923465
0.1373913043478261 0.45332211942809075
0.15478260869565208 0.4600504625735913
0.1704347826086956 0.4684608915054669
0.1791304347826086 0.47855340622371734
0.19478260869565212 0.488645920941968
0.2034782608695651 0.505466778805719
0.22782608695652184 0.5306980656013456
0.2643478260869565 0.5626576955424727
0.3095652173913044 0.5929352396972245
0.3669565217391304 0.6383515559293524
0.44173913043478263 0.6904962153069807
0.52 0.744322960470984
0.6069565217391304 0.7796467619848613
0.6939130434782608 0.7931034482758621
0.7617391304347827 0.7729184188393607
0.8052173913043479 0.7140454163162322
0.817391304347826 0.633305298570227
0.7791304347826087 0.5391084945332212
0.702608695652174 0.4566862910008411
0.5878260869565217 0.39276703111858713
0.4347826086956521 0.3473507148864592
0.25043478260869567 0.32043734230445753
0.05739130434782602 0.28679562657695534
-0.1269565217391304 0.2514718250630783
-0.2660869565217391 0.22455845248107664
-0.33043478260869563 0.2026913372582002
-0.3234782608695652 0.19091673675357446
-0.2713043478260869 0.19932716568545006
-0.19826086956521738 0.2127838519764509
-0.1269565217391304 0.23801513877207747
-0.07130434782608697 0.26492851135407913
-0.03826086956521735 0.29352396972245587
-0.02086956521739125 0.3153910849453323
-0.02086956521739125 0.3322119428090833
-0.03304347826086962 0.3456686291000841
-0.04173913043478261 0.35071488645920934
-0.04869565217391303 0.3523969722455844
-0.050434782608695605 0.3557611438183348
-0.05217391304347829 0.3473507148864592
-0.04347826086956519 0.3473507148864592
-0.040000000000000036 0.34398654331370904
-0.03826086956521735 0.3473507148864592
-0.034782608695652195 0.3473507148864592
-0.03130434782608693 0.3473507148864592
-0.03304347826086962 0.3523969722455844
-0.03130434782608693 0.35071488645920934
-0.034782608695652195 0.3540790580319597
-0.03304347826086962 0.35912531539108494
-0.03304347826086962 0.35744322960470987
-0.03130434782608693 0.35912531539108494
-0.03304347826086962 0.3557611438183348
-0.03652173913043477 0.35912531539108494
-0.03304347826086962 0.3523969722455844
-0.03304347826086962 0.35071488645920934
-0.03304347826086962 0.34903280067283426
-0.03652173913043477 0.35071488645920934
-0.03826086956521735 0.3557611438183348
-0.03826086956521735 0.3557611438183348
-0.040000000000000036 0.35912531539108494
-0.040000000000000036 0.3624894869638351
-0.040000000000000036 0.36753574432296054
-0.03826086956521735 0.36753574432296054
-0.03826086956521735 0.36753574432296054
-0.034782608695652195 0.36585365853658547
-0.040000000000000036 0.36585365853658547
-0.04173913043478261 0.36585365853658547
-0.04695652173913045 0.36080740117746
-0.04347826086956519 0.35744322960470987
-0.04695652173913045 0.36080740117746
-0.04695652173913045 0.36585365853658547
-0.04869565217391303 0.36585365853658547
-0.045217391304347876 0.3692178301093356
-0.04173913043478261 0.3759461732548359
-0.040000000000000036 0.377628259041211
-0.040000000000000036 0.3759461732548359
-0.04173913043478261 0.377628259041211
-0.040000000000000036 0.37426408746846085
-0.04347826086956519 0.37426408746846085
-0.03826086956521735 0.3692178301093356
-0.045217391304347876 0.37426408746846085
-0.04347826086956519 0.37426408746846085
-0.04347826086956519 0.3793103448275863
-0.040000000000000036 0.3860386879730866
-0.03652173913043477 0.39108494533221205
-0.029565217391304355 0.39781328847771236
-0.02608695652173909 0.39949537426408743
-0.02086956521739125 0.4011774600504625
-0.02086956521739125 0.4028595458368376
-0.01565217391304352 0.4045416316232129
-0.017391304347826098 0.40622371740958796
-0.01565217391304352 0.4045416316232129
-0.017391304347826098 0.4045416316232129
-0.022608695652173938 0.4112699747687132
-0.019130434782608674 0.41295206055508826
-0.012173913043478257 0.41463414634146334
-0.008695652173912993 0.4163162321278384
-0.003478260869565264 0.42136248948696386
0.003478260869565153 0.42809083263246417
0.0017391304347826875 0.42977291841883947
0.0017391304347826875 0.42809083263246417
0.01043478260869568 0.43145500420521454
0.008695652173912993 0.42977291841883947
0.006956521739130528 0.43145500420521454
0.006956521739130528 0.4264087468460891
0.008695652173912993 0.43145500420521454
0.01043478260869568 0.4348191757779647
0.017391304347825987 0.4432296047098403
0.017391304347825987 0.4432296047098403
0.019130434782608674 0.4432296047098403
0.024347826086956514 0.4449116904962154
0.027826086956521667 0.4398654331370899
0.026086956521739202 0.4331370899915896
0.027826086956521667 0.4264087468460891
0.024347826086956514 0.4179983179142137
0.017391304347825987 0.41295206055508826
0.01043478260869568 0.39949537426408743
0.0017391304347826875 0.39781328847771236
0.0017391304347826875 0.39108494533221205
-0.00521739130434784 0.3877207737594617
-0.00521739130434784 0.3809924306139614
-0.008695652173912993 0.38267451640033645
-0.006956521739130417 0.377628259041211
-0.01043478260869568 0.37426408746846085
-0.01565217391304352 0.37426408746846085
-0.02086956521739125 0.3692178301093356
-0.022608695652173938 0.3624894869638351
-0.02782608695652178 0.35744322960470987
-0.03304347826086962 0.35071488645920934
-0.040000000000000036 0.3523969722455844
-0.04173913043478261 0.35071488645920934
-0.040000000000000036 0.3540790580319597
-0.045217391304347876 0.3557611438183348
-0.040000000000000036 0.3557611438183348
-0.040000000000000036 0.3557611438183348
-0.040000000000000036 0.3540790580319597
-0.03826086956521735 0.3557611438183348
-0.04173913043478261 0.3557611438183348
-0.04347826086956519 0.35071488645920934
-0.050434782608695605 0.35071488645920934
-0.055652173913043446 0.35071488645920934
-0.05217391304347829 0.3523969722455844
-0.05217391304347829 0.34903280067283426
-0.04869565217391303 0.35071488645920934
-0.04695652173913045 0.3540790580319597
-0.04695652173913045 0.3557611438183348
-0.04869565217391303 0.35912531539108494
-0.04347826086956519 0.35744322960470987
-0.04695652173913045 0.36080740117746
-0.04347826086956519 0.35744322960470987
-0.04869565217391303 0.3540790580319597
-0.04869565217391303 0.3557611438183348
-0.050434782608695605 0.3523969722455844
-0.050434782608695605 0.3557611438183348
-0.055652173913043446 0.3523969722455844
-0.050434782608695605 0.3557611438183348
-0.045217391304347876 0.3557611438183348
-0.045217391304347876 0.35912531539108494
-0.03826086956521735 0.35912531539108494
-0.03652173913043477 0.36080740117746
-0.03652173913043477 0.3624894869638351
-0.034782608695652195 0.35744322960470987
-0.03652173913043477 0.35912531539108494
-0.03652173913043477 0.3557611438183348
-0.03652173913043477 0.3557611438183348
-0.03826086956521735 0.3557611438183348
-0.03652173913043477 0.35744322960470987
-0.03304347826086962 0.36080740117746
-0.034782608695652195 0.3557611438183348
-0.03304347826086962 0.35912531539108494
-0.03130434782608693 0.3557611438183348
-0.029565217391304355 0.3557611438183348
-0.029565217391304355 0.3540790580319597
-0.02608695652173909 0.3523969722455844
-0.02782608695652178 0.3523969722455844
-0.029565217391304355 0.3523969722455844
-0.03130434782608693 0.3473507148864592
-0.03652173913043477 0.34903280067283426
-0.03826086956521735 0.3473507148864592
-0.03130434782608693 0.3473507148864592
-0.03130434782608693 0.3473507148864592
-0.029565217391304355 0.3523969722455844
-0.024347826086956514 0.3540790580319597
-0.024347826086956514 0.3540790580319597
-0.022608695652173938 0.35071488645920934
-0.02608695652173909 0.34903280067283426
-0.03826086956521735 0.3456686291000841
-0.03826086956521735 0.3389402859545836
-0.045217391304347876 0.3372582001682085
-0.04173913043478261 0.33389402859545836
-0.04347826086956519 0.3322119428090833
-0.04173913043478261 0.3372582001682085
-0.034782608695652195 0.3406223717409589
-0.03304347826086962 0.3406223717409589
-0.03304347826086962 0.3406223717409589
-0.029565217391304355 0.3406223717409589
-0.034782608695652195 0.3406223717409589
-0.03652173913043477 0.3372582001682085
-0.03826086956521735 0.3322119428090833
-0.04347826086956519 0.32884777123633313
-0.04347826086956519 0.3221194280908326
-0.04347826086956519 0.32884777123633313
-0.04347826086956519 0.32716568544995805
-0.03826086956521735 0.32716568544995805
-0.040000000000000036 0.32716568544995805
-0.03826086956521735 0.3322119428090833
-0.03826086956521735 0.3305298570227082
-0.03652173913043477 0.3322119428090833
-0.03652173913043477 0.3322119428090833
-0.03826086956521735 0.32884777123633313
-0.03130434782608693 0.3305298570227082
-0.03304347826086962 0.3305298570227082
-0.034782608695652195 0.3221194280908326
-0.034782608695652195 0.32716568544995805
-0.03652173913043477 0.32548359966358276
-0.03130434782608693 0.32884777123633313
-0.029565217391304355 0.3322119428090833
-0.029565217391304355 0.3305298570227082
-0.02608695652173909 0.32884777123633313
-0.022608695652173938 0.3305298570227082
-0.022608695652173938 0.32716568544995805
-0.024347826086956514 0.3238015138772077
-0.02086956521739125 0.3221194280908326
-0.022608695652173938 0.32548359966358276
-0.024347826086956514 0.32043734230445753
-0.022608695652173938 0.3238015138772077
-0.02086956521739125 0.3238015138772077
-0.013913043478260834 0.3322119428090833
-0.012173913043478257 0.33557611438183343
-0.006956521739130417 0.3406223717409589
-0.0017391304347825765 0.3456686291000841
0.00521739130434784 0.3456686291000841
0.01043478260869568 0.34903280067283426
0.013913043478260834 0.3473507148864592
0.01565217391304352 0.34903280067283426
0.01565217391304352 0.3523969722455844
0.017391304347825987 0.3523969722455844
0.02086956521739136 0.35912531539108494
0.029565217391304355 0.35912531539108494
0.034782608695652195 0.36585365853658547
0.034782608695652195 0.3708999158957107
0.034782608695652195 0.3725820016820858
0.034782608695652195 0.3708999158957107
0.03304347826086951 0.36585365853658547
0.03130434782608704 0.3624894869638351
0.027826086956521667 0.3523969722455844
0.024347826086956514 0.3456686291000841
0.019130434782608674 0.3389402859545836
0.013913043478260834 0.33389402859545836
0.017391304347825987 0.33557611438183343
0.01043478260869568 0.33389402859545836
0.00521739130434784 0.33557611438183343
0.0017391304347826875 0.33389402859545836
0.0 0.3305298570227082
-0.0017391304347825765 0.3322119428090833
-0.003478260869565264 0.3305298570227082
-0.006956521739130417 0.33389402859545836
-0.01043478260869568 0.32716568544995805
-0.017391304347826098 0.32716568544995805
-0.022608695652173938 0.31875525651808245
-0.029565217391304355 0.3120269133725819
-0.03826086956521735 0.31034482758620685
-0.034782608695652195 0.3069806560134567
-0.034782608695652195 0.31034482758620685
-0.03304347826086962 0.3069806560134567
-0.029565217391304355 0.313708999158957
-0.02782608695652178 0.3120269133725819
-0.024347826086956514 0.3153910849453323
-0.022608695652173938 0.3170731707317074
-0.019130434782608674 0.3170731707317074
-0.017391304347826098 0.31875525651808245
-0.013913043478260834 0.32043734230445753
-0.013913043478260834 0.3238015138772077
-0.01043478260869568 0.32548359966358276
-0.01043478260869568 0.3322119428090833
-0.008695652173912993 0.34398654331370904
-0.0017391304347825765 0.3473507148864592
0.008695652173912993 0.36080740117746
0.019130434782608674 0.36753574432296054
0.024347826086956514 0.37426408746846085
0.03304347826086951 0.3809924306139614
0.040000000000000036 0.3860386879730866
0.04695652173913034 0.3944491169049622
0.04869565217391303 0.40622371740958796
0.05739130434782602 0.41295206055508826
0.06608695652173924 0.4196804037005888
0.07826086956521738 0.42809083263246417
0.09565217391304337 0.4348191757779647
0.11130434782608689 0.4432296047098403
0.1286956521739131 0.4516400336417157
0.14782608695652177 0.45332211942809075
0.15826086956521745 0.4566862910008411
0.16695652173913045 0.4667788057190916
0.17565217391304344 0.4802354920100924
0.18434782608695643 0.4970563498738436
0.19999999999999996 0.5155592935239697
0.23478260869565215 0.5441547518923464
0.28 0.5878889823380993
0.33913043478260874 0.6349873843566023
0.4121739130434783 0.6921783010933558
0.49043478260869566 0.7527333894028596
0.568695652173913 0.7964676198486123
0.6521739130434783 0.8216989066442388
0.711304347826087 0.8065601345668629
0.751304347826087 0.7527333894028596
0.7530434782608695 0.661900756938604
0.711304347826087 0.5576114381833472
0.6226086956521739 0.46173254835996635
0.49043478260869566 0.3809924306139614
0.33739130434782605 0.32043734230445753
0.15478260869565208 0.28511354079058027
-0.024347826086956514 0.25483599663582845
-0.18260869565217386 0.22119428090832627
-0.28 0.19764507989907476
-0.31999999999999995 0.18082422203532378
-0.3078260869565217 0.16904962153069802
-0.26086956521739135 0.1791421362489487
-0.19999999999999996 0.19764507989907476
-0.13913043478260867 0.22287636669470134
-0.09043478260869564 0.24810765349032793
-0.060869565217391286 0.2834314550042052
-0.04347826086956519 0.3086627417998318
-0.04173913043478261 0.3305298570227082
-0.04695652173913045 0.3389402859545836
-0.05391304347826087 0.3456686291000841
-0.060869565217391286 0.3523969722455844
-0.05913043478260871 0.3540790580319597
-0.05913043478260871 0.34903280067283426
-0.05739130434782613 0.3456686291000841
-0.055652173913043446 0.34398654331370904
-0.05739130434782613 0.34230445752733396
-0.05913043478260871 0.3456686291000841
-0.060869565217391286 0.34398654331370904
-0.05913043478260871 0.35071488645920934
-0.05913043478260871 0.35071488645920934
-0.05739130434782613 0.35744322960470987
-0.055652173913043446 0.3557611438183348
-0.05217391304347829 0.35912531539108494
-0.04695652173913045 0.35912531539108494
-0.045217391304347876 0.3624894869638351
-0.040000000000000036 0.36417157275021017
-0.040000000000000036 0.35744322960470987
-0.04869565217391303 0.3540790580319597
-0.04869565217391303 0.3557611438183348
-0.05217391304347829 0.3540790580319597
-0.05217391304347829 0.35912531539108494
-0.055652173913043446 0.35744322960470987
-0.050434782608695605 0.36080740117746
-0.050434782608695605 0.36417157275021017
-0.04869565217391303 0.36753574432296054
-0.045217391304347876 0.36417157275021017
-0.04347826086956519 0.3692178301093356
-0.04347826086956519 0.3692178301093356
-0.04869565217391303 0.3624894869638351
-0.050434782608695605 0.36080740117746
-0.05391304347826087 0.36080740117746
-0.055652173913043446 0.35912531539108494
-0.05217391304347829 0.36080740117746
-0.05739130434782613 0.36417157275021017
-0.055652173913043446 0.3692178301093356
-0.050434782608695605 0.3692178301093356
-0.045217391304347876 0.3692178301093356
-0.045217391304347876 0.37426408746846085
-0.04695652173913045 0.37426408746846085
-0.05217391304347829 0.3759461732548359
-0.050434782608695605 0.377628259041211
-0.05739130434782613 0.37426408746846085
-0.05739130434782613 0.3759461732548359
-0.06260869565217386 0.3708999158957107
-0.060869565217391286 0.3793103448275863
-0.05913043478260871 0.377628259041211
-0.05217391304347829 0.38267451640033645
-0.05217391304347829 0.3877207737594617
-0.04869565217391303 0.39781328847771236
-0.045217391304347876 0.3961312026913373
-0.04695652173913045 0.3961312026913373
-0.04347826086956519 0.3944491169049622
-0.04173913043478261 0.39781328847771236
-0.03652173913043477 0.39949537426408743
-0.03826086956521735 0.39781328847771236
-0.040000000000000036 0.39949537426408743
-0.03652173913043477 0.4028595458368376
-0.03652173913043477 0.4045416316232129
-0.03304347826086962 0.4112699747687132
-0.03130434782608693 0.41295206055508826
-0.029565217391304355 0.4163162321278384
-0.022608695652173938 0.4196804037005888
-0.022608695652173938 0.42136248948696386
-0.019130434782608674 0.424726661059714
-0.013913043478260834 0.42809083263246417
-0.012173913043478257 0.42136248948696386
-0.008695652173912993 0.42809083263246417
-0.013913043478260834 0.42977291841883947
-0.01043478260869568 0.42977291841883947
-0.008695652173912993 0.4348191757779647
-0.0017391304347825765 0.4331370899915896
0.00521739130434784 0.4348191757779647
0.008695652173912993 0.43818334735071485
0.013913043478260834 0.43818334735071485
0.017391304347825987 0.43650126156433977
0.019130434782608674 0.4331370899915896
0.017391304347825987 0.42304457527333894
0.017391304347825987 0.4163162321278384
0.01565217391304352 0.4112699747687132
0.006956521739130528 0.40622371740958796
0.003478260869565153 0.4045416316232129
0.0 0.39949537426408743
-0.0017391304347825765 0.3961312026913373
-0.003478260869565264 0.3944491169049622
-0.00521739130434784 0.39108494533221205
-0.003478260869565264 0.38940285954583675
-0.012173913043478257 0.3793103448275863
-0.008695652173912993 0.377628259041211
-0.013913043478260834 0.3793103448275863
-0.02086956521739125 0.3708999158957107
-0.02086956521739125 0.36585365853658547
-0.029565217391304355 0.35912531539108494
-0.034782608695652195 0.35912531539108494
-0.040000000000000036 0.35744322960470987
-0.040000000000000036 0.35744322960470987
-0.040000000000000036 0.36080740117746
-0.03652173913043477 0.3540790580319597
-0.03304347826086962 0.35912531539108494
-0.03304347826086962 0.3557611438183348
-0.029565217391304355 0.3523969722455844
-0.034782608695652195 0.3540790580319597
-0.03130434782608693 0.3473507148864592
-0.034782608695652195 0.34398654331370904
-0.03826086956521735 0.3456686291000841
-0.03826086956521735 0.3456686291000841
-0.04347826086956519 0.3473507148864592
-0.045217391304347876 0.34903280067283426
-0.04347826086956519 0.3523969722455844
-0.040000000000000036 0.3540790580319597
-0.04173913043478261 0.35744322960470987
-0.04173913043478261 0.35744322960470987
-0.03652173913043477 0.36080740117746
-0.03304347826086962 0.35744322960470987
-0.03304347826086962 0.35744322960470987
-0.03304347826086962 0.3557611438183348
-0.034782608695652195 0.3557611438183348
-0.03652173913043477 0.3540790580319597
-0.034782608695652195 0.3540790580319597
-0.03826086956521735 0.36080740117746
-0.03652173913043477 0.3624894869638351
-0.034782608695652195 0.3624894869638351
-0.03130434782608693 0.36585365853658547
-0.03130434782608693 0.36753574432296054
-0.029565217391304355 0.36080740117746
-0.02782608695652178 0.35912531539108494
-0.02608695652173909 0.35744322960470987
-0.03304347826086962 0.3540790580319597
-0.03130434782608693 0.3624894869638351
-0.03130434782608693 0.35912531539108494
-0.03652173913043477 0.3624894869638351
-0.029565217391304355 0.35912531539108494
-0.02782608695652178 0.36585365853658547
-0.02086956521739125 0.3692178301093356
-0.02086956521739125 0.36417157275021017
-0.017391304347826098 0.36585365853658547
-0.019130434782608674 0.36753574432296054
-0.017391304347826098 0.36080740117746
-0.02086956521739125 0.35744322960470987
-0.024347826086956514 0.3523969722455844
-0.02782608695652178 0.3523969722455844
-0.02782608695652178 0.3540790580319597
-0.02608695652173909 0.34903280067283426
-0.022608695652173938 0.3540790580319597
-0.019130434782608674 0.3523969722455844
-0.017391304347826098 0.3540790580319597
-0.019130434782608674 0.3523969722455844
-0.017391304347826098 0.3540790580319597
-0.017391304347826098 0.3540790580319597
-0.024347826086956514 0.35071488645920934
-0.024347826086956514 0.3456686291000841
-0.02782608695652178 0.3456686291000841
-0.029565217391304355 0.34398654331370904
-0.03304347826086962 0.3389402859545836
-0.034782608695652195 0.3372582001682085
-0.03130434782608693 0.3372582001682085
-0.03304347826086962 0.34230445752733396
-0.02782608695652178 0.34230445752733396
-0.029565217391304355 0.3473507148864592
-0.02782608695652178 0.3456686291000841
-0.02782608695652178 0.3456686291000841
-0.03304347826086962 0.3406223717409589
-0.034782608695652195 0.33557611438183343
-0.034782608695652195 0.3372582001682085
-0.03826086956521735 0.3322119428090833
-0.03652173913043477 0.3322119428090833
-0.04173913043478261 0.3322119428090833
-0.040000000000000036 0.3372582001682085
-0.04173913043478261 0.3372582001682085
-0.03652173913043477 0.3389402859545836
-0.03826086956521735 0.3406223717409589
-0.03652173913043477 0.34230445752733396
-0.034782608695652195 0.3372582001682085
-0.034782608695652195 0.3372582001682085
-0.03304347826086962 0.3322119428090833
-0.03652173913043477 0.32548359966358276
-0.040000000000000036 0.3305298570227082
-0.04347826086956519 0.3305298570227082
-0.04869565217391303 0.3305298570227082
-0.04347826086956519 0.33389402859545836
-0.04347826086956519 0.3372582001682085
-0.040000000000000036 0.33389402859545836
-0.03826086956521735 0.3372582001682085
-0.03304347826086962 0.33557611438183343
-0.03304347826086962 0.3372582001682085
-0.03304347826086962 0.33389402859545836
-0.034782608695652195 0.3305298570227082
-0.034782608695652195 0.3322119428090833
-0.03652173913043477 0.32884777123633313
-0.034782608695652195 0.3372582001682085
-0.03130434782608693 0.33389402859545836
-0.03130434782608693 0.34230445752733396
-0.019130434782608674 0.34398654331370904
-0.01565217391304352 0.3473507148864592
-0.012173913043478257 0.3540790580319597
-0.008695652173912993 0.35912531539108494
-0.003478260869565264 0.36080740117746
-0.003478260869565264 0.35912531539108494
-0.003478260869565264 0.3624894869638351
-0.0017391304347825765 0.3624894869638351
0.003478260869565153 0.36417157275021017
0.00521739130434784 0.3624894869638351
0.008695652173912993 0.3708999158957107
0.008695652173912993 0.3725820016820858
0.006956521739130528 0.3759461732548359
0.013913043478260834 0.3759461732548359
0.013913043478260834 0.3725820016820858
0.01043478260869568 0.3692178301093356
0.006956521739130528 0.36417157275021017
0.0017391304347826875 0.35744322960470987
-0.003478260869565264 0.35071488645920934
-0.008695652173912993 0.3473507148864592
-0.01565217391304352 0.3456686291000841
-0.02086956521739125 0.34398654331370904
-0.029565217391304355 0.3406223717409589
-0.03130434782608693 0.3406223717409589
-0.03130434782608693 0.3389402859545836
-0.03304347826086962 0.34230445752733396
-0.02782608695652178 0.34398654331370904
-0.029565217391304355 0.34398654331370904
-0.03304347826086962 0.3406223717409589
-0.03652173913043477 0.3372582001682085
-0.04347826086956519 0.3322119428090833
-0.050434782608695605 0.32716568544995805
-0.05391304347826087 0.3221194280908326
-0.05391304347826087 0.31875525651808245
-0.05217391304347829 0.32043734230445753
-0.050434782608695605 0.32884777123633313
-0.045217391304347876 0.3305298570227082
-0.04347826086956519 0.3372582001682085
-0.034782608695652195 0.34230445752733396
-0.03130434782608693 0.3389402859545836
-0.024347826086956514 0.3406223717409589
-0.02086956521739125 0.3406223717409589
-0.019130434782608674 0.34230445752733396
-0.02086956521739125 0.3456686291000841
-0.02086956521739125 0.34903280067283426
-0.01565217391304352 0.3523969722455844
-0.008695652173912993 0.3624894869638351
0.0 0.3725820016820858
0.01043478260869568 0.3793103448275863
0.02086956521739136 0.39108494533221205
0.03130434782608704 0.39949537426408743
0.03652173913043488 0.4045416316232129
0.03652173913043488 0.40790580319596303
0.04347826086956519 0.41463414634146334
0.05217391304347818 0.4196804037005888
0.06608695652173924 0.4264087468460891
0.08347826086956522 0.424726661059714
0.10086956521739121 0.43650126156433977
0.11304347826086958 0.441547518923465
0.13217391304347825 0.4499579478553406
0.14260869565217393 0.4600504625735913
0.15478260869565208 0.4684608915054669
0.16695652173913045 0.4819175777964677
0.18608695652173912 0.5004205214465938
0.21043478260869564 0.5222876366694702
0.2556521739130435 0.5559293523969722
0.31130434782608685 0.59798149705635
0.37391304347826093 0.6484440706476031
0.45739130434782616 0.7106812447434818
0.5426086956521738 0.7746005046257358
0.6365217391304347 0.8116063919259882
0.7182608695652173 0.8233809924306139
0.7843478260869565 0.7880571909167366
0.8052173913043479 0.7157275021026073
0.7739130434782608 0.6215306980656012
0.6869565217391305 0.5222876366694702
0.5408695652173914 0.4331370899915896
0.3443478260869566 0.3624894869638351
0.12173913043478257 0.3069806560134567
-0.10086956521739132 0.2582001682085786
-0.26956521739130435 0.2111017661900756
-0.35652173913043483 0.17409587888982347
-0.3652173913043478 0.15222876366694704
-0.32173913043478264 0.15054667788057197
-0.2486956521739131 0.1707317073170731
-0.1704347826086956 0.19259882253994953
-0.10086956521739132 0.23633305298570217
-0.05391304347826087 0.2666105971404542
-0.029565217391304355 0.30193439865433147
-0.02086956521739125 0.32716568544995805
-0.029565217391304355 0.3406223717409589
-0.045217391304347876 0.3456686291000841
-0.060869565217391286 0.3389402859545836
-0.06608695652173913 0.3389402859545836
-0.07130434782608697 0.3372582001682085
-0.07304347826086954 0.33557611438183343
-0.060869565217391286 0.3389402859545836
-0.05739130434782613 0.34230445752733396
-0.050434782608695605 0.3456686291000841
-0.05217391304347829 0.3473507148864592
-0.04695652173913045 0.3456686291000841
-0.04173913043478261 0.34903280067283426
-0.04695652173913045 0.35071488645920934
-0.04869565217391303 0.34230445752733396
-0.05391304347826087 0.3406223717409589
-0.05217391304347829 0.34230445752733396
-0.05391304347826087 0.34398654331370904
-0.055652173913043446 0.3456686291000841
-0.050434782608695605 0.3456686291000841
-0.04695652173913045 0.35071488645920934
-0.04869565217391303 0.3540790580319597
-0.045217391304347876 0.3540790580319597
-0.04347826086956519 0.3557611438183348
-0.04347826086956519 0.34903280067283426
-0.045217391304347876 0.34903280067283426
-0.04695652173913045 0.3456686291000841
-0.05391304347826087 0.35071488645920934
-0.05391304347826087 0.35071488645920934
-0.05739130434782613 0.3523969722455844
-0.05391304347826087 0.3523969722455844
-0.055652173913043446 0.3557611438183348
-0.055652173913043446 0.3557611438183348
-0.050434782608695605 0.35744322960470987
-0.04695652173913045 0.35744322960470987
-0.04869565217391303 0.35744322960470987
-0.04869565217391303 0.3557611438183348
-0.04869565217391303 0.3523969722455844
-0.05217391304347829 0.3473507148864592
-0.05739130434782613 0.34903280067283426
-0.05739130434782613 0.34903280067283426
-0.05739130434782613 0.3523969722455844
-0.05739130434782613 0.3540790580319597
-0.050434782608695605 0.35744322960470987
-0.04869565217391303 0.35912531539108494
-0.04695652173913045 0.36417157275021017
-0.050434782608695605 0.35912531539108494
-0.050434782608695605 0.3624894869638351
-0.04869565217391303 0.36080740117746
-0.050434782608695605 0.36417157275021017
-0.050434782608695605 0.3624894869638351
-0.050434782608695605 0.3624894869638351
-0.04173913043478261 0.36417157275021017
-0.04695652173913045 0.36753574432296054
-0.04347826086956519 0.37426408746846085
-0.04173913043478261 0.3725820016820858
-0.04173913043478261 0.3725820016820858
-0.04347826086956519 0.3793103448275863
-0.040000000000000036 0.3809924306139614
-0.045217391304347876 0.377628259041211
-0.040000000000000036 0.3793103448275863
-0.04173913043478261 0.3809924306139614
-0.03826086956521735 0.3809924306139614
-0.03826086956521735 0.377628259041211
-0.03826086956521735 0.3809924306139614
-0.03826086956521735 0.3860386879730866
-0.03130434782608693 0.3860386879730866
-0.029565217391304355 0.39949537426408743
-0.02608695652173909 0.39949537426408743
-0.017391304347826098 0.40790580319596303
-0.012173913043478257 0.41463414634146334
-0.008695652173912993 0.4163162321278384
0.0 0.41295206055508826
0.0 0.4112699747687132
-0.0017391304347825765 0.41295206055508826
0.0017391304347826875 0.4028595458368376
0.0017391304347826875 0.4028595458368376
0.0017391304347826875 0.39949537426408743
0.0 0.4045416316232129
0.00521739130434784 0.4045416316232129
0.006956521739130528 0.4045416316232129
0.006956521739130528 0.40622371740958796
0.0017391304347826875 0.4011774600504625
-0.0017391304347825765 0.3961312026913373
-0.00521739130434784 0.38940285954583675
-0.012173913043478257 0.3860386879730866
-0.013913043478260834 0.3759461732548359
-0.02086956521739125 0.36753574432296054
-0.02086956521739125 0.36753574432296054
-0.02608695652173909 0.36080740117746
-0.02782608695652178 0.3540790580319597
-0.02608695652173909 0.35912531539108494
-0.022608695652173938 0.3624894869638351
-0.02086956521739125 0.36080740117746
-0.01565217391304352 0.3624894869638351
-0.013913043478260834 0.35912531539108494
-0.012173913043478257 0.35912531539108494
-0.02086956521739125 0.36080740117746
-0.02608695652173909 0.3473507148864592
-0.03652173913043477 0.3473507148864592
-0.040000000000000036 0.3473507148864592
-0.04173913043478261 0.3456686291000841
-0.03826086956521735 0.35071488645920934
-0.03652173913043477 0.34903280067283426
-0.03652173913043477 0.35071488645920934
-0.040000000000000036 0.3557611438183348
-0.03304347826086962 0.35744322960470987
-0.03130434782608693 0.35912531539108494
-0.03130434782608693 0.3557611438183348
-0.034782608695652195 0.3540790580319597
-0.03304347826086962 0.3557611438183348
-0.03652173913043477 0.3557611438183348
-0.03652173913043477 0.34903280067283426
-0.03652173913043477 0.3557611438183348
-0.034782608695652195 0.3557611438183348
-0.03304347826086962 0.35744322960470987
-0.03130434782608693 0.3624894869638351
-0.024347826086956514 0.36753574432296054
-0.022608695652173938 0.3692178301093356
-0.02086956521739125 0.36753574432296054
-0.02086956521739125 0.36585365853658547
-0.024347826086956514 0.36585365853658547
-0.024347826086956514 0.3624894869638351
-0.02608695652173909 0.35912531539108494
-0.02782608695652178 0.35744322960470987
-0.02782608695652178 0.35744322960470987
-0.029565217391304355 0.36080740117746
-0.02608695652173909 0.3624894869638351
-0.024347826086956514 0.3624894869638351
-0.024347826086956514 0.36585365853658547
-0.01565217391304352 0.36585365853658547
-0.012173913043478257 0.35744322960470987
-0.01043478260869568 0.36080740117746
-0.012173913043478257 0.35744322960470987
-0.008695652173912993 0.3557611438183348
-0.01565217391304352 0.35071488645920934
-0.013913043478260834 0.3523969722455844
-0.019130434782608674 0.3523969722455844
-0.024347826086956514 0.3540790580319597
-0.02782608695652178 0.35071488645920934
-0.029565217391304355 0.3557611438183348
-0.02608695652173909 0.35744322960470987
-0.019130434782608674 0.35744322960470987
-0.017391304347826098 0.3540790580319597
-0.01565217391304352 0.3540790580319597
-0.01565217391304352 0.35912531539108494
-0.017391304347826098 0.35071488645920934
-0.022608695652173938 0.35071488645920934
-0.024347826086956514 0.34398654331370904
-0.024347826086956514 0.3456686291000841
-0.02086956521739125 0.34230445752733396
-0.019130434782608674 0.34903280067283426
-0.017391304347826098 0.34903280067283426
-0.013913043478260834 0.3523969722455844
-0.013913043478260834 0.34903280067283426
-0.022608695652173938 0.34903280067283426
-0.02086956521739125 0.3456686291000841
-0.024347826086956514 0.34230445752733396
-0.02782608695652178 0.3406223717409589
-0.02782608695652178 0.3372582001682085
-0.029565217391304355 0.33557611438183343
-0.03304347826086962 0.33557611438183343
-0.03304347826086962 0.33557611438183343
-0.03130434782608693 0.33389402859545836
-0.029565217391304355 0.33389402859545836
-0.02782608695652178 0.3406223717409589
-0.02608695652173909 0.3372582001682085
-0.02782608695652178 0.3389402859545836
-0.03130434782608693 0.3372582001682085
-0.034782608695652195 0.33389402859545836
-0.02608695652173909 0.33557611438183343
-0.02782608695652178 0.33389402859545836
-0.029565217391304355 0.3389402859545836
-0.02782608695652178 0.33557611438183343
-0.02086956521739125 0.34230445752733396
-0.01565217391304352 0.34398654331370904
-0.013913043478260834 0.3456686291000841
-0.01565217391304352 0.3523969722455844
-0.006956521739130417 0.35071488645920934
-0.006956521739130417 0.3557611438183348
-0.00521739130434784 0.35912531539108494
0.0 0.35744322960470987
0.003478260869565153 0.35912531539108494
0.0 0.3540790580319597
0.006956521739130528 0.3557611438183348
0.00521739130434784 0.3557611438183348
0.01043478260869568 0.36080740117746
0.01565217391304352 0.36080740117746
0.01565217391304352 0.36753574432296054
0.02086956521739136 0.3725820016820858
0.027826086956521667 0.3793103448275863
0.029565217391304355 0.3793103448275863
0.03304347826086951 0.3759461732548359
0.022608695652173827 0.36753574432296054
0.01565217391304352 0.36080740117746
0.01043478260869568 0.35744322960470987
0.00521739130434784 0.3523969722455844
-0.0017391304347825765 0.34398654331370904
-0.0017391304347825765 0.34398654331370904
0.0 0.3473507148864592
0.003478260869565153 0.35071488645920934
0.012173913043478368 0.3557611438183348
0.01043478260869568 0.3557611438183348
0.00521739130434784 0.3456686291000841
-0.0017391304347825765 0.34230445752733396
-0.01043478260869568 0.3372582001682085
-0.019130434782608674 0.3305298570227082
-0.02608695652173909 0.3238015138772077
-0.03130434782608693 0.3238015138772077
-0.029565217391304355 0.3305298570227082
-0.03304347826086962 0.3322119428090833
-0.034782608695652195 0.3305298570227082
-0.040000000000000036 0.3305298570227082
-0.04173913043478261 0.32548359966358276
-0.04347826086956519 0.32548359966358276
-0.045217391304347876 0.32043734230445753
-0.040000000000000036 0.3238015138772077
-0.04347826086956519 0.3153910849453323
-0.04347826086956519 0.31875525651808245
-0.04347826086956519 0.31875525651808245
-0.03826086956521735 0.3221194280908326
-0.034782608695652195 0.32884777123633313
-0.02782608695652178 0.33389402859545836
-0.02608695652173909 0.3389402859545836
-0.022608695652173938 0.34230445752733396
-0.01565217391304352 0.3456686291000841
-0.012173913043478257 0.35071488645920934
-0.006956521739130417 0.35912531539108494
-0.0017391304347825765 0.3624894869638351
-0.0017391304347825765 0.3692178301093356
0.00521739130434784 0.37426408746846085
0.013913043478260834 0.3843566021867115
0.017391304347825987 0.3877207737594617
0.024347826086956514 0.4011774600504625
0.03826086956521735 0.40790580319596303
0.04695652173913034 0.42136248948696386
0.0608695652173914 0.4264087468460891
0.0765217391304347 0.43818334735071485
0.08695652173913038 0.441547518923465
0.1026086956521739 0.441547518923465
0.11304347826086958 0.44659377628259045
0.1269565217391304 0.4449116904962154
0.1373913043478261 0.4499579478553406
0.14782608695652177 0.4566862910008411
0.15826086956521745 0.46341463414634143
0.16521739130434776 0.47855340622371734
0.18260869565217397 0.4987384356602187
0.21043478260869564 0.5206055508830951
0.2556521739130435 0.552565180824222
0.31304347826086953 0.5946173254835996
0.3773913043478261 0.6433978132884777
0.45565217391304347 0.6989066442388563
0.5443478260869565 0.7560975609756098
0.6313043478260869 0.808242220353238
0.7147826086956521 0.8301093355761144
0.7721739130434782 0.8216989066442388
0.8017391304347825 0.7678721614802355
0.7860869565217392 0.6871320437342305
0.7234782608695651 0.5878889823380993
0.6069565217391304 0.49201009251471817
0.4469565217391305 0.4179983179142137
0.24347826086956514 0.3557611438183348
0.03304347826086951 0.31034482758620685
-0.15652173913043477 0.2582001682085786
-0.288695652173913 0.2195121951219512
-0.34782608695652173 0.18250630782169885
-0.33739130434782605 0.16063919259882264
-0.2904347826086957 0.16063919259882264
-0.21739130434782605 0.17746005046257363
-0.14956521739130435 0.20941968040370051
-0.0939130434782609 0.24642556770395285
-0.05217391304347829 0.27838519764507996
-0.02782608695652178 0.3086627417998318
-0.017391304347826098 0.3322119428090833
-0.019130434782608674 0.3473507148864592
-0.03304347826086962 0.3540790580319597
-0.040000000000000036 0.35071488645920934
-0.04347826086956519 0.3456686291000841
-0.04347826086956519 0.34398654331370904
-0.050434782608695605 0.34230445752733396
-0.04695652173913045 0.34230445752733396
-0.04173913043478261 0.34398654331370904
-0.04173913043478261 0.3473507148864592
-0.040000000000000036 0.3523969722455844
-0.03826086956521735 0.3540790580319597
-0.03130434782608693 0.35744322960470987
-0.03304347826086962 0.35744322960470987
-0.03130434782608693 0.3523969722455844
-0.029565217391304355 0.3523969722455844
-0.029565217391304355 0.3523969722455844
-0.029565217391304355 0.3473507148864592
-0.03304347826086962 0.3473507148864592
-0.03826086956521735 0.3523969722455844
-0.03826086956521735 0.3523969722455844
-0.03826086956521735 0.35744322960470987
-0.034782608695652195 0.35744322960470987
-0.029565217391304355 0.36080740117746
-0.02782608695652178 0.36417157275021017
-0.02782608695652178 0.36585365853658547
-0.029565217391304355 0.36585365853658547
-0.029565217391304355 0.3624894869638351
-0.03130434782608693 0.36080740117746
-0.03652173913043477 0.35912531539108494
-0.040000000000000036 0.3540790580319597
-0.040000000000000036 0.36080740117746
-0.04173913043478261 0.35912531539108494
-0.04347826086956519 0.35912531539108494
-0.03652173913043477 0.3624894869638351
-0.03652173913043477 0.36417157275021017
-0.03130434782608693 0.36585365853658547
-0.02608695652173909 0.3708999158957107
-0.02782608695652178 0.3708999158957107
-0.02608695652173909 0.36585365853658547
-0.02782608695652178 0.36585365853658547
-0.03304347826086962 0.36585365853658547
-0.03304347826086962 0.36753574432296054
-0.034782608695652195 0.36753574432296054
-0.03652173913043477 0.36753574432296054
-0.03652173913043477 0.3692178301093356
-0.03130434782608693 0.377628259041211
-0.029565217391304355 0.3793103448275863
-0.02608695652173909 0.38267451640033645
-0.024347826086956514 0.3809924306139614
-0.024347826086956514 0.3843566021867115
-0.022608695652173938 0.3843566021867115
-0.024347826086956514 0.3877207737594617
-0.02782608695652178 0.3860386879730866
-0.03304347826086962 0.3860386879730866
-0.02608695652173909 0.3843566021867115
-0.024347826086956514 0.3860386879730866
-0.022608695652173938 0.3860386879730866
-0.02086956521739125 0.3860386879730866
-0.017391304347826098 0.3877207737594617
-0.013913043478260834 0.3944491169049622
-0.013913043478260834 0.3961312026913373
-0.008695652173912993 0.3961312026913373
-0.012173913043478257 0.4011774600504625
-0.008695652173912993 0.39781328847771236
-0.006956521739130417 0.39781328847771236
-0.01043478260869568 0.39781328847771236
-0.006956521739130417 0.4028595458368376
-0.0017391304347825765 0.4045416316232129
0.0017391304347826875 0.4095878889823381
0.0 0.41463414634146334
0.006956521739130528 0.4163162321278384
0.013913043478260834 0.42136248948696386
0.019130434782608674 0.424726661059714
0.024347826086956514 0.4264087468460891
0.03304347826086951 0.42809083263246417
0.034782608695652195 0.4264087468460891
0.034782608695652195 0.42809083263246417
0.03652173913043488 0.42136248948696386
0.03652173913043488 0.4196804037005888
0.03652173913043488 0.41463414634146334
0.040000000000000036 0.4112699747687132
0.0417391304347825 0.40790580319596303
0.04869565217391303 0.40622371740958796
0.05217391304347818 0.40622371740958796
0.050434782608695716 0.4028595458368376
0.05391304347826087 0.3961312026913373
0.05565217391304356 0.38940285954583675
0.04869565217391303 0.38267451640033645
0.03304347826086951 0.3759461732548359
0.022608695652173827 0.3725820016820858
0.006956521739130528 0.3692178301093356
-0.003478260869565264 0.3725820016820858
-0.013913043478260834 0.3708999158957107
-0.017391304347826098 0.3708999158957107
-0.024347826086956514 0.37426408746846085
-0.024347826086956514 0.3725820016820858
-0.024347826086956514 0.3692178301093356
-0.022608695652173938 0.36585365853658547
-0.02608695652173909 0.36585365853658547
-0.02608695652173909 0.35912531539108494
-0.02608695652173909 0.35744322960470987
-0.022608695652173938 0.3540790580319597
-0.02086956521739125 0.3540790580319597
-0.013913043478260834 0.36080740117746
-0.012173913043478257 0.3540790580319597
-0.01043478260869568 0.3624894869638351
-0.008695652173912993 0.36417157275021017
-0.006956521739130417 0.36753574432296054
-0.008695652173912993 0.36417157275021017
-0.00521739130434784 0.36417157275021017
-0.00521739130434784 0.3624894869638351
-0.00521739130434784 0.3624894869638351
-0.00521739130434784 0.36080740117746
-0.003478260869565264 0.35912531539108494
0.0 0.3624894869638351
-0.0017391304347825765 0.36585365853658547
0.0 0.3692178301093356
0.0017391304347826875 0.37426408746846085
0.006956521739130528 0.37426408746846085
0.01043478260869568 0.3809924306139614
0.01565217391304352 0.3759461732548359
0.02086956521739136 0.3725820016820858
0.02086956521739136 0.3725820016820858
0.02086956521739136 0.3692178301093356
0.02086956521739136 0.36417157275021017
0.022608695652173827 0.36585365853658547
0.02086956521739136 0.36753574432296054
0.022608695652173827 0.3692178301093356
0.019130434782608674 0.3725820016820858
0.02086956521739136 0.37426408746846085
0.03130434782608704 0.377628259041211
0.03652173913043488 0.3725820016820858
0.04347826086956519 0.37426408746846085
0.04347826086956519 0.3692178301093356
0.04347826086956519 0.36753574432296054
0.04695652173913034 0.36417157275021017
0.04347826086956519 0.36417157275021017
0.040000000000000036 0.3624894869638351
0.03826086956521735 0.36417157275021017
0.03304347826086951 0.36585365853658547
0.034782608695652195 0.3624894869638351
0.03304347826086951 0.36585365853658547
0.027826086956521667 0.36585365853658547
0.029565217391304355 0.35912531539108494
0.03304347826086951 0.36585365853658547
0.03304347826086951 0.3624894869638351
0.03130434782608704 0.35912531539108494
0.03130434782608704 0.3557611438183348
0.03130434782608704 0.3540790580319597
0.029565217391304355 0.3540790580319597
0.03130434782608704 0.35071488645920934
0.024347826086956514 0.35071488645920934
0.02086956521739136 0.3473507148864592
0.012173913043478368 0.3456686291000841
0.01565217391304352 0.35071488645920934
0.017391304347825987 0.3523969722455844
0.024347826086956514 0.3523969722455844
0.022608695652173827 0.3473507148864592
0.022608695652173827 0.3456686291000841
0.024347826086956514 0.34230445752733396
0.02086956521739136 0.3406223717409589
0.019130434782608674 0.3372582001682085
0.01565217391304352 0.3372582001682085
0.01043478260869568 0.3372582001682085
0.006956521739130528 0.33557611438183343
0.013913043478260834 0.3322119428090833
0.01565217391304352 0.3322119428090833
0.013913043478260834 0.33389402859545836
0.01565217391304352 0.3305298570227082
0.012173913043478368 0.32884777123633313
0.01043478260869568 0.32884777123633313
0.00521739130434784 0.32884777123633313
0.01043478260869568 0.3238015138772077
0.01043478260869568 0.3238015138772077
0.013913043478260834 0.32716568544995805
0.012173913043478368 0.33557611438183343
0.013913043478260834 0.3372582001682085
0.017391304347825987 0.34230445752733396
0.027826086956521667 0.3456686291000841
0.034782608695652195 0.35071488645920934
0.03652173913043488 0.3540790580319597
0.04695652173913034 0.3540790580319597
0.045217391304347876 0.35744322960470987
0.05565217391304356 0.35744322960470987
0.0608695652173914 0.3557611438183348
0.06260869565217386 0.35912531539108494
0.0678260869565217 0.35744322960470987
0.07304347826086954 0.36080740117746
0.07478260869565223 0.36417157275021017
0.08173913043478254 0.3692178301093356
0.09217391304347822 0.3759461732548359
0.08869565217391306 0.3793103448275863
0.07826086956521738 0.3759461732548359
0.06434782608695655 0.3708999158957107
0.04869565217391303 0.3692178301093356
0.03130434782608704 0.35744322960470987
0.026086956521739202 0.35071488645920934
0.02086956521739136 0.34398654331370904
0.024347826086956514 0.34230445752733396
0.024347826086956514 0.34398654331370904
0.029565217391304355 0.3473507148864592
0.03304347826086951 0.35071488645920934
0.034782608695652195 0.35071488645920934
0.03652173913043488 0.34903280067283426
0.029565217391304355 0.34903280067283426
0.022608695652173827 0.3456686291000841
0.01565217391304352 0.34230445752733396
0.017391304347825987 0.34230445752733396
0.013913043478260834 0.34398654331370904
0.012173913043478368 0.34230445752733396
0.006956521739130528 0.3372582001682085
0.003478260869565153 0.3372582001682085
0.0017391304347826875 0.3322119428090833
0.0 0.3305298570227082
0.0 0.3238015138772077
0.0017391304347826875 0.32548359966358276
0.006956521739130528 0.32548359966358276
0.012173913043478368 0.3238015138772077
0.02086956521739136 0.3305298570227082
0.017391304347825987 0.3322119428090833
0.017391304347825987 0.32716568544995805
0.013913043478260834 0.3305298570227082
0.013913043478260834 0.32884777123633313
0.012173913043478368 0.3322119428090833
0.01565217391304352 0.3406223717409589
0.02086956521739136 0.34903280067283426
0.034782608695652195 0.35912531539108494
0.050434782608695716 0.36585365853658547
0.06260869565217386 0.3759461732548359
0.08000000000000007 0.3843566021867115
0.09565217391304337 0.3877207737594617
0.11478260869565227 0.39781328847771236
0.12521739130434772 0.4028595458368376
0.13043478260869557 0.40790580319596303
0.1269565217391304 0.4163162321278384
0.12347826086956526 0.42136248948696386
0.12347826086956526 0.4264087468460891
0.13391304347826094 0.4331370899915896
0.1634782608695653 0.43818334735071485
0.19304347826086965 0.4516400336417157
0.20869565217391295 0.4566862910008411
0.21217391304347832 0.4600504625735913
0.2052173913043478 0.47014297729184196
0.19130434782608696 0.4819175777964677
0.1791304347826086 0.4903280067283431
0.18260869565217397 0.5121951219512195
0.20695652173913048 0.5323801513877209
0.25913043478260867 0.569386038687973
0.3321739130434782 0.6114381833473508
0.41565217391304343 0.661900756938604
0.511304347826087 0.7056349873843566
0.5947826086956522 0.7342304457527333
0.6643478260869564 0.7409587888982339
0.7043478260869565 0.7140454163162322
0.7217391304347827 0.6585365853658536
0.7078260869565218 0.5761143818334735
0.6434782608695653 0.488645920941968
0.537391304347826 0.41295206055508826
0.37913043478260877 0.3456686291000841
0.1965217391304348 0.3002523128679562
0.003478260869565153 0.26492851135407913
-0.1617391304347826 0.24137931034482762
-0.2747826086956522 0.22287636669470134
-0.3147826086956522 0.21614802354920104
-0.2921739130434783 0.2111017661900756
-0.22608695652173916 0.21614802354920104
-0.14086956521739136 0.2346509671993271
-0.05739130434782613 0.25483599663582845
0.003478260869565153 0.27838519764507996
0.040000000000000036 0.2985702270815811
0.045217391304347876 0.31875525651808245
0.017391304347825987 0.3322119428090833
-0.003478260869565264 0.3372582001682085
-0.008695652173912993 0.3456686291000841
0.019130434782608674 0.3473507148864592
0.05739130434782602 0.3523969722455844
0.08173913043478254 0.3557611438183348
0.07304347826086954 0.3540790580319597
0.029565217391304355 0.34903280067283426
-0.03304347826086962 0.3473507148864592
-0.08869565217391306 0.3406223717409589
-0.12521739130434784 0.33389402859545836
-0.13043478260869568 0.3322119428090833
-0.11478260869565216 0.33557611438183343
-0.09043478260869564 0.3372582001682085
-0.06434782608695655 0.3406223717409589
-0.040000000000000036 0.34230445752733396
-0.02086956521739125 0.3473507148864592
-0.012173913043478257 0.34903280067283426
-0.01043478260869568 0.34903280067283426
-0.012173913043478257 0.34903280067283426
-0.017391304347826098 0.35071488645920934
-0.01565217391304352 0.3473507148864592
-0.017391304347826098 0.3473507148864592
-0.01043478260869568 0.3473507148864592
-0.008695652173912993 0.34903280067283426
-0.00521739130434784 0.3557611438183348
0.012173913043478368 0.3557611438183348
0.017391304347825987 0.35912531539108494
0.029565217391304355 0.36417157275021017
0.029565217391304355 0.36753574432296054
0.017391304347825987 0.36417157275021017
0.00521739130434784 0.3624894869638351
-0.012173913043478257 0.35744322960470987
-0.03130434782608693 0.34903280067283426
-0.04347826086956519 0.34903280067283426
-0.04347826086956519 0.3473507148864592
-0.040000000000000036 0.3473507148864592
-0.03304347826086962 0.34903280067283426
-0.022608695652173938 0.3540790580319597
-0.012173913043478257 0.36080740117746
-0.008695652173912993 0.3624894869638351
-0.00521739130434784 0.36080740117746
-0.006956521739130417 0.36585365853658547
-0.006956521739130417 0.36585365853658547
-0.01043478260869568 0.3692178301093356
-0.01043478260869568 0.36585365853658547
-0.013913043478260834 0.36753574432296054
-0.013913043478260834 0.36417157275021017
-0.008695652173912993 0.37426408746846085
-0.006956521739130417 0.37426408746846085
-0.00521739130434784 0.38267451640033645
0.0017391304347826875 0.3843566021867115
0.006956521739130528 0.39108494533221205
0.01565217391304352 0.39781328847771236
0.017391304347825987 0.3961312026913373
0.024347826086956514 0.3961312026913373
0.027826086956521667 0.39949537426408743
0.029565217391304355 0.39781328847771236
0.027826086956521667 0.39949537426408743
0.03304347826086951 0.4028595458368376
0.03826086956521735 0.4028595458368376
0.04347826086956519 0.40622371740958796
0.045217391304347876 0.4112699747687132
0.04347826086956519 0.4112699747687132
0.034782608695652195 0.41295206055508826
0.022608695652173827 0.41463414634146334
0.01043478260869568 0.4163162321278384
-0.006956521739130417 0.4163162321278384
-0.01565217391304352 0.4163162321278384
-0.017391304347826098 0.4179983179142137
-0.008695652173912993 0.4163162321278384
0.003478260869565153 0.41295206055508826
0.01565217391304352 0.4112699747687132
0.019130434782608674 0.41295206055508826
0.022608695652173827 0.40790580319596303
0.029565217391304355 0.41295206055508826
0.029565217391304355 0.4045416316232129
0.027826086956521667 0.40622371740958796
0.027826086956521667 0.4011774600504625
0.029565217391304355 0.39781328847771236
0.026086956521739202 0.3877207737594617
0.026086956521739202 0.3843566021867115
0.024347826086956514 0.3759461732548359
0.02086956521739136 0.3692178301093356
0.01565217391304352 0.35912531539108494
0.012173913043478368 0.35912531539108494
0.01043478260869568 0.36080740117746
0.008695652173912993 0.35912531539108494
0.00521739130434784 0.3557611438183348
0.006956521739130528 0.35744322960470987
0.00521739130434784 0.3540790580319597
0.006956521739130528 0.34903280067283426
0.008695652173912993 0.34398654331370904
0.00521739130434784 0.34230445752733396
0.008695652173912993 0.3389402859545836
0.00521739130434784 0.3406223717409589
0.00521739130434784 0.3389402859545836
0.0 0.34230445752733396
0.003478260869565153 0.34230445752733396
0.006956521739130528 0.34230445752733396
0.006956521739130528 0.3456686291000841
0.01043478260869568 0.34398654331370904
0.01043478260869568 0.3456686291000841
0.01043478260869568 0.3456686291000841
0.008695652173912993 0.3456686291000841
0.003478260869565153 0.34230445752733396
0.0017391304347826875 0.34230445752733396
0.0017391304347826875 0.3406223717409589
0.00521739130434784 0.3389402859545836
-0.003478260869565264 0.34230445752733396
0.006956521739130528 0.34230445752733396
0.01043478260869568 0.3473507148864592
0.013913043478260834 0.35071488645920934
0.012173913043478368 0.3523969722455844
0.013913043478260834 0.35071488645920934
0.01043478260869568 0.34903280067283426
0.01043478260869568 0.3473507148864592
0.01043478260869568 0.34398654331370904
0.01565217391304352 0.34230445752733396
0.019130434782608674 0.3473507148864592
0.02086956521739136 0.35071488645920934
0.026086956521739202 0.35071488645920934
0.027826086956521667 0.35071488645920934
0.027826086956521667 0.3557611438183348
0.03130434782608704 0.35744322960470987
0.029565217391304355 0.3540790580319597
0.027826086956521667 0.3557611438183348
0.022608695652173827 0.3557611438183348
0.019130434782608674 0.3540790580319597
0.017391304347825987 0.35071488645920934
0.01565217391304352 0.34903280067283426
0.01565217391304352 0.34398654331370904
0.01043478260869568 0.3473507148864592
0.013913043478260834 0.34903280067283426
0.013913043478260834 0.34903280067283426
0.02086956521739136 0.35071488645920934
0.024347826086956514 0.3540790580319597
0.03130434782608704 0.3557611438183348
0.03130434782608704 0.3557611438183348
0.029565217391304355 0.3557611438183348
0.022608695652173827 0.35071488645920934
0.01043478260869568 0.35071488645920934
0.008695652173912993 0.3557611438183348
0.0017391304347826875 0.3540790580319597
-0.00521739130434784 0.35071488645920934
-0.013913043478260834 0.34903280067283426
-0.01565217391304352 0.3456686291000841
-0.006956521739130417 0.3456686291000841
-0.012173913043478257 0.3456686291000841
-0.013913043478260834 0.34903280067283426
-0.012173913043478257 0.34230445752733396
-0.012173913043478257 0.34398654331370904
-0.01043478260869568 0.34230445752733396
-0.012173913043478257 0.3389402859545836
-0.017391304347826098 0.32884777123633313
-0.01565217391304352 0.32884777123633313
-0.019130434782608674 0.32884777123633313
-0.02086956521739125 0.3305298570227082
-0.017391304347826098 0.33389402859545836
-0.013913043478260834 0.33557611438183343
-0.012173913043478257 0.33389402859545836
-0.012173913043478257 0.33557611438183343
-0.008695652173912993 0.3305298570227082
-0.01043478260869568 0.32884777123633313
-0.01043478260869568 0.32548359966358276
-0.01043478260869568 0.32716568544995805
-0.003478260869565264 0.32716568544995805
0.01565217391304352 0.32548359966358276
0.024347826086956514 0.32716568544995805
0.040000000000000036 0.3305298570227082
0.04869565217391303 0.3305298570227082
0.04695652173913034 0.33389402859545836
0.034782608695652195 0.33557611438183343
0.026086956521739202 0.3372582001682085
0.02086956521739136 0.34230445752733396
0.012173913043478368 0.3473507148864592
0.0 0.34230445752733396
-0.012173913043478257 0.34230445752733396
-0.019130434782608674 0.34398654331370904
-0.024347826086956514 0.3389402859545836
-0.02782608695652178 0.3406223717409589
-0.024347826086956514 0.34230445752733396
-0.01043478260869568 0.3406223717409589
0.01043478260869568 0.3456686291000841
0.024347826086956514 0.34903280067283426
0.03304347826086951 0.35071488645920934
0.03304347826086951 0.3456686291000841
0.017391304347825987 0.34230445752733396
0.00521739130434784 0.34230445752733396
-0.006956521739130417 0.3372582001682085
-0.00521739130434784 0.3389402859545836
-0.0017391304347825765 0.3372582001682085
0.0017391304347826875 0.3389402859545836
0.0 0.3389402859545836
0.008695652173912993 0.3372582001682085
0.01043478260869568 0.33557611438183343
0.01565217391304352 0.3305298570227082
0.017391304347825987 0.3305298570227082
0.01043478260869568 0.32884777123633313
0.0017391304347826875 0.32548359966358276
-0.00521739130434784 0.31875525651808245
-0.01565217391304352 0.3170731707317074
-0.019130434782608674 0.3120269133725819
-0.019130434782608674 0.31034482758620685
-0.017391304347826098 0.3069806560134567
-0.017391304347826098 0.3069806560134567
-0.013913043478260834 0.3052985702270816
-0.0017391304347825765 0.3120269133725819
0.0017391304347826875 0.313708999158957
0.01043478260869568 0.313708999158957
0.00521739130434784 0.3086627417998318
-0.0017391304347825765 0.3120269133725819
-0.008695652173912993 0.3086627417998318
-0.02086956521739125 0.30193439865433147
-0.03652173913043477 0.29352396972245587
-0.04173913043478261 0.2901597981497057
-0.04347826086956519 0.28847771236333064
-0.03304347826086962 0.2918418839360808
-0.019130434782608674 0.2985702270815811
-0.012173913043478257 0.2985702270815811
-0.006956521739130417 0.3052985702270816
-0.006956521739130417 0.3086627417998318
-0.01565217391304352 0.3069806560134567
-0.024347826086956514 0.31034482758620685
-0.03130434782608693 0.313708999158957
-0.029565217391304355 0.3153910849453323
-0.02086956521739125 0.31875525651808245
-0.008695652173912993 0.3238015138772077
0.006956521739130528 0.3305298570227082
0.01565217391304352 0.3372582001682085
0.02086956521739136 0.3456686291000841
0.026086956521739202 0.3540790580319597
0.019130434782608674 0.36417157275021017
0.024347826086956514 0.3708999158957107
0.03130434782608704 0.377628259041211
0.040000000000000036 0.3860386879730866
0.0608695652173914 0.38940285954583675
0.07478260869565223 0.3961312026913373
0.09739130434782606 0.4045416316232129
0.11826086956521742 0.41295206055508826
0.1356521739130434 0.42136248948696386
0.14782608695652177 0.42977291841883947
0.15304347826086961 0.43650126156433977
0.15130434782608693 0.441547518923465
0.14782608695652177 0.4516400336417157
0.15130434782608693 0.46173254835996635
0.1704347826086956 0.47182506307821703
0.1965217391304348 0.49537426408746854
0.22782608695652184 0.5189234650967198
0.26086956521739135 0.5441547518923464
0.297391304347826 0.5794785534062237
0.3443478260869566 0.6181665264928511
0.4017391304347826 0.6534903280067283
0.46782608695652184 0.6888141295206056
0.537391304347826 0.7039529015979815
0.5965217391304347 0.6921783010933558
0.6365217391304347 0.6568544995794785
0.6434782608695653 0.5912531539108494
0.6086956521739131 0.5088309503784694
0.5269565217391305 0.4264087468460891
0.4104347826086956 0.3540790580319597
0.2556521739130435 0.3002523128679562
0.08869565217391306 0.2514718250630783
-0.0678260869565217 0.2195121951219512
-0.18608695652173912 0.1942809083263246
-0.25913043478260867 0.17409587888982347
-0.27652173913043476 0.16232127838519772
-0.25913043478260867 0.16736753574432295
-0.21565217391304348 0.17577796467619855
-0.16695652173913045 0.19764507989907476
-0.12347826086956526 0.2195121951219512
-0.0852173913043478 0.2430613961312027
-0.060869565217391286 0.2682926829268293
-0.045217391304347876 0.28679562657695534
-0.04173913043478261 0.30193439865433147
-0.045217391304347876 0.3052985702270816
-0.045217391304347876 0.31875525651808245
-0.04173913043478261 0.3153910849453323
-0.04347826086956519 0.32043734230445753
-0.045217391304347876 0.3238015138772077
-0.04173913043478261 0.32548359966358276
-0.03826086956521735 0.3305298570227082
-0.03304347826086962 0.3322119428090833
-0.02782608695652178 0.33389402859545836
-0.022608695652173938 0.3305298570227082
-0.029565217391304355 0.33389402859545836
-0.03130434782608693 0.3305298570227082
-0.03652173913043477 0.32716568544995805
-0.04347826086956519 0.32716568544995805
-0.05739130434782613 0.32884777123633313
-0.055652173913043446 0.32884777123633313
-0.05739130434782613 0.33389402859545836
-0.05739130434782613 0.33557611438183343
-0.050434782608695605 0.33557611438183343
-0.045217391304347876 0.3322119428090833
-0.045217391304347876 0.3322119428090833
-0.034782608695652195 0.3322119428090833
-0.034782608695652195 0.33557611438183343
-0.040000000000000036 0.3322119428090833
-0.04173913043478261 0.3305298570227082
-0.05391304347826087 0.3322119428090833
-0.060869565217391286 0.33389402859545836
-0.06260869565217386 0.3389402859545836
-0.05739130434782613 0.33557611438183343
-0.05391304347826087 0.3406223717409589
-0.04869565217391303 0.3372582001682085
-0.04695652173913045 0.33557611438183343
-0.034782608695652195 0.3322119428090833
-0.03304347826086962 0.33557611438183343
-0.02782608695652178 0.33557611438183343
-0.03130434782608693 0.33557611438183343
-0.034782608695652195 0.33389402859545836
-0.045217391304347876 0.3372582001682085
-0.045217391304347876 0.3389402859545836
-0.04173913043478261 0.3406223717409589
-0.04173913043478261 0.34398654331370904
-0.045217391304347876 0.34903280067283426
-0.050434782608695605 0.3473507148864592
-0.04869565217391303 0.34903280067283426
-0.05217391304347829 0.3540790580319597
-0.04695652173913045 0.35071488645920934
-0.045217391304347876 0.3523969722455844
-0.040000000000000036 0.34903280067283426
-0.040000000000000036 0.3473507148864592
-0.04347826086956519 0.34903280067283426
-0.04173913043478261 0.3557611438183348
-0.034782608695652195 0.36080740117746
-0.03304347826086962 0.36585365853658547
-0.02608695652173909 0.3692178301093356
-0.022608695652173938 0.3708999158957107
-0.024347826086956514 0.37426408746846085
-0.029565217391304355 0.36753574432296054
-0.03130434782608693 0.36417157275021017
-0.02782608695652178 0.36753574432296054
-0.02782608695652178 0.36753574432296054
-0.019130434782608674 0.36585365853658547
-0.013913043478260834 0.37426408746846085
-0.01043478260869568 0.3809924306139614
-0.00521739130434784 0.3860386879730866
-0.008695652173912993 0.39276703111858713
-0.008695652173912993 0.39276703111858713
-0.008695652173912993 0.4011774600504625
-0.008695652173912993 0.39781328847771236
-0.00521739130434784 0.3961312026913373
0.0017391304347826875 0.39949537426408743
0.01043478260869568 0.4011774600504625
0.026086956521739202 0.39949537426408743
0.029565217391304355 0.4011774600504625
0.026086956521739202 0.4045416316232129
0.017391304347825987 0.4028595458368376
0.01043478260869568 0.40790580319596303
0.017391304347825987 0.4028595458368376
0.01565217391304352 0.4011774600504625
0.022608695652173827 0.39949537426408743
0.029565217391304355 0.3944491169049622
0.03130434782608704 0.3860386879730866
0.026086956521739202 0.3877207737594617
0.013913043478260834 0.37426408746846085
-0.0017391304347825765 0.3692178301093356
-0.01043478260869568 0.3624894869638351
-0.02086956521739125 0.36417157275021017
-0.022608695652173938 0.36585365853658547
-0.017391304347826098 0.36080740117746
-0.008695652173912993 0.35744322960470987
-0.00521739130434784 0.3557611438183348
-0.00521739130434784 0.3540790580319597
-0.006956521739130417 0.34903280067283426
-0.01043478260869568 0.34903280067283426
-0.01043478260869568 0.3456686291000841
-0.012173913043478257 0.34398654331370904
-0.017391304347826098 0.33557611438183343
-0.017391304347826098 0.33389402859545836
-0.02608695652173909 0.33389402859545836
-0.029565217391304355 0.32716568544995805
-0.029565217391304355 0.32716568544995805
-0.03130434782608693 0.3305298570227082
-0.03130434782608693 0.33389402859545836
-0.02608695652173909 0.3322119428090833
-0.022608695652173938 0.3389402859545836
-0.01565217391304352 0.3406223717409589
-0.012173913043478257 0.33557611438183343
-0.012173913043478257 0.3389402859545836
-0.01565217391304352 0.33557611438183343
-0.012173913043478257 0.3372582001682085
-0.008695652173912993 0.33557611438183343
0.0 0.33389402859545836
0.006956521739130528 0.33557611438183343
0.013913043478260834 0.33557611438183343
0.01043478260869568 0.3372582001682085
0.0017391304347826875 0.3406223717409589
-0.013913043478260834 0.3389402859545836
-0.024347826086956514 0.33557611438183343
-0.03130434782608693 0.3406223717409589
-0.02782608695652178 0.3389402859545836
-0.017391304347826098 0.33389402859545836
-0.003478260869565264 0.33389402859545836
0.00521739130434784 0.3372582001682085
0.019130434782608674 0.3372582001682085
0.022608695652173827 0.3406223717409589
0.019130434782608674 0.34230445752733396
0.003478260869565153 0.3456686291000841
-0.00521739130434784 0.3456686291000841
-0.013913043478260834 0.34903280067283426
-0.013913043478260834 0.34398654331370904
-0.012173913043478257 0.3473507148864592
-0.008695652173912993 0.34398654331370904
-0.01043478260869568 0.34230445752733396
-0.01043478260869568 0.3389402859545836
-0.00521739130434784 0.33389402859545836
-0.003478260869565264 0.3389402859545836
-0.0017391304347825765 0.3406223717409589
0.003478260869565153 0.3456686291000841
0.006956521739130528 0.3523969722455844
0.006956521739130528 0.34903280067283426
0.01565217391304352 0.34903280067283426
0.02086956521739136 0.34398654331370904
0.019130434782608674 0.3389402859545836
0.01565217391304352 0.3372582001682085
0.003478260869565153 0.3322119428090833
-0.003478260869565264 0.3322119428090833
-0.008695652173912993 0.33557611438183343
-0.012173913043478257 0.32884777123633313
-0.006956521739130417 0.3322119428090833
-0.00521739130434784 0.32884777123633313
-0.003478260869565264 0.3372582001682085
-0.0017391304347825765 0.33557611438183343
0.00521739130434784 0.33557611438183343
0.0017391304347826875 0.3305298570227082
0.0017391304347826875 0.32884777123633313
-0.00521739130434784 0.32716568544995805
-0.006956521739130417 0.3221194280908326
-0.012173913043478257 0.32043734230445753
-0.006956521739130417 0.3170731707317074
-0.00521739130434784 0.3170731707317074
-0.003478260869565264 0.3221194280908326
0.0 0.32043734230445753
-0.003478260869565264 0.3221194280908326
-0.003478260869565264 0.32548359966358276
-0.003478260869565264 0.3221194280908326
0.0017391304347826875 0.3238015138772077
-0.0017391304347825765 0.3238015138772077
0.0017391304347826875 0.32043734230445753
0.0017391304347826875 0.3153910849453323
0.00521739130434784 0.3120269133725819
0.01043478260869568 0.3170731707317074
0.012173913043478368 0.31875525651808245
0.01565217391304352 0.32548359966358276
0.008695652173912993 0.32716568544995805
0.0 0.33389402859545836
-0.00521739130434784 0.33557611438183343
-0.008695652173912993 0.3372582001682085
-0.008695652173912993 0.3372582001682085
-0.006956521739130417 0.34230445752733396
0.006956521739130528 0.34398654331370904
0.017391304347825987 0.3473507148864592
0.026086956521739202 0.34230445752733396
0.026086956521739202 0.3473507148864592
0.013913043478260834 0.3473507148864592
0.01043478260869568 0.34230445752733396
0.003478260869565153 0.34398654331370904
-0.00521739130434784 0.3456686291000841
-0.006956521739130417 0.35071488645920934
0.003478260869565153 0.3473507148864592
0.01043478260869568 0.3456686291000841
0.019130434782608674 0.33557611438183343
0.024347826086956514 0.3305298570227082
0.022608695652173827 0.32884777123633313
0.01565217391304352 0.32716568544995805
0.01043478260869568 0.32548359966358276
0.008695652173912993 0.32716568544995805
0.008695652173912993 0.32884777123633313
0.008695652173912993 0.3305298570227082
0.01043478260869568 0.33557611438183343
0.012173913043478368 0.3322119428090833
0.012173913043478368 0.3305298570227082
0.006956521739130528 0.3238015138772077
0.0017391304347826875 0.3170731707317074
-0.00521739130434784 0.3120269133725819
-0.013913043478260834 0.31034482758620685
-0.02086956521739125 0.31034482758620685
-0.024347826086956514 0.3086627417998318
-0.02608695652173909 0.31034482758620685
-0.02782608695652178 0.3120269133725819
-0.02608695652173909 0.31034482758620685
-0.019130434782608674 0.3086627417998318
-0.01565217391304352 0.3086627417998318
-0.008695652173912993 0.3086627417998318
-0.003478260869565264 0.30361648444070655
-0.003478260869565264 0.3052985702270816
-0.00521739130434784 0.3069806560134567
-0.00521739130434784 0.30193439865433147
-0.01043478260869568 0.3052985702270816
-0.02608695652173909 0.30361648444070655
-0.03304347826086962 0.3120269133725819
-0.034782608695652195 0.313708999158957
-0.03304347826086962 0.3238015138772077
-0.02782608695652178 0.3305298570227082
-0.01565217391304352 0.33389402859545836
-0.006956521739130417 0.3389402859545836
0.0 0.3406223717409589
0.008695652173912993 0.34903280067283426
0.012173913043478368 0.34903280067283426
0.01043478260869568 0.3473507148864592
0.013913043478260834 0.35744322960470987
0.01565217391304352 0.36080740117746
0.02086956521739136 0.3725820016820858
0.03652173913043488 0.38267451640033645
0.04347826086956519 0.3944491169049622
0.05565217391304356 0.4011774600504625
0.06956521739130439 0.40790580319596303
0.08173913043478254 0.4163162321278384
0.09739130434782606 0.41463414634146334
0.10956521739130443 0.4196804037005888
0.1269565217391304 0.42136248948696386
0.1373913043478261 0.42136248948696386
0.1460869565217391 0.42809083263246417
0.1460869565217391 0.42977291841883947
0.15130434782608693 0.441547518923465
0.1634782608695653 0.45500420521446583
0.17565217391304344 0.4751892346509672
0.1982608695652175 0.49369217830109347
0.24 0.5189234650967198
0.2904347826086957 0.5559293523969722
0.34782608695652173 0.6013456686291001
0.4208695652173913 0.6501261564339782
0.4869565217391305 0.7089991589571067
0.5652173913043479 0.7577796467619848
0.6313043478260869 0.7964676198486123
0.6939130434782608 0.8015138772077377
0.7339130434782608 0.7712363330529857
0.7478260869565216 0.7056349873843566
0.72 0.6198486122792262
0.6417391304347826 0.5239697224558453
0.52 0.4398654331370899
0.35478260869565226 0.36417157275021017
0.16521739130434776 0.3170731707317074
-0.022608695652173938 0.2750210260723296
-0.18260869565217386 0.24137931034482762
-0.28695652173913044 0.20100925147182513
-0.32869565217391306 0.17746005046257363
-0.31304347826086953 0.1640033641715728
-0.26956521739130435 0.16904962153069802
-0.20347826086956522 0.18418839360807393
-0.1443478260869565 0.2127838519764509
-0.09043478260869564 0.24137931034482762
-0.050434782608695605 0.2750210260723296
-0.02782608695652178 0.30193439865433147
-0.022608695652173938 0.32043734230445753
-0.02608695652173909 0.3305298570227082
-0.029565217391304355 0.3305298570227082
-0.034782608695652195 0.3322119428090833
-0.03652173913043477 0.32884777123633313
-0.03304347826086962 0.32884777123633313
-0.029565217391304355 0.3305298570227082
-0.02608695652173909 0.3322119428090833
-0.01565217391304352 0.33557611438183343
-0.017391304347826098 0.33557611438183343
-0.01043478260869568 0.34230445752733396
-0.013913043478260834 0.3406223717409589
-0.01565217391304352 0.34398654331370904
-0.02782608695652178 0.3456686291000841
-0.04347826086956519 0.34230445752733396
-0.05913043478260871 0.34398654331370904
-0.06608695652173913 0.3406223717409589
-0.06434782608695655 0.34230445752733396
-0.05913043478260871 0.34398654331370904
-0.05217391304347829 0.34398654331370904
-0.04695652173913045 0.34903280067283426
-0.03826086956521735 0.35071488645920934
-0.03304347826086962 0.35071488645920934
-0.029565217391304355 0.34903280067283426
-0.02608695652173909 0.3473507148864592
-0.029565217391304355 0.34903280067283426
-0.022608695652173938 0.34398654331370904
-0.024347826086956514 0.34230445752733396
-0.024347826086956514 0.3406223717409589
-0.02782608695652178 0.3406223717409589
-0.02782608695652178 0.34398654331370904
-0.02608695652173909 0.3406223717409589
-0.024347826086956514 0.3456686291000841
-0.024347826086956514 0.3456686291000841
-0.02086956521739125 0.35071488645920934
-0.017391304347826098 0.3473507148864592
-0.013913043478260834 0.35071488645920934
-0.01565217391304352 0.3523969722455844
-0.019130434782608674 0.34903280067283426
-0.022608695652173938 0.3473507148864592
-0.02608695652173909 0.3473507148864592
-0.02782608695652178 0.3456686291000841
-0.02782608695652178 0.3473507148864592
-0.02608695652173909 0.3473507148864592
-0.02086956521739125 0.3523969722455844
-0.02086956521739125 0.3557611438183348
-0.02086956521739125 0.36080740117746
-0.019130434782608674 0.36080740117746
-0.01565217391304352 0.3557611438183348
-0.017391304347826098 0.35744322960470987
-0.017391304347826098 0.35744322960470987
-0.02086956521739125 0.3557611438183348
-0.022608695652173938 0.3557611438183348
-0.022608695652173938 0.3624894869638351
-0.017391304347826098 0.36080740117746
-0.017391304347826098 0.36753574432296054
-0.012173913043478257 0.36753574432296054
-0.01565217391304352 0.3725820016820858
-0.01043478260869568 0.3793103448275863
-0.012173913043478257 0.3809924306139614
-0.012173913043478257 0.3809924306139614
-0.01043478260869568 0.3809924306139614
-0.013913043478260834 0.3793103448275863
-0.01043478260869568 0.3809924306139614
-0.012173913043478257 0.3793103448275863
-0.012173913043478257 0.377628259041211
-0.012173913043478257 0.3860386879730866
-0.006956521739130417 0.38940285954583675
-0.006956521739130417 0.3961312026913373
-0.003478260869565264 0.39781328847771236
-0.00521739130434784 0.40622371740958796
0.003478260869565153 0.4045416316232129
0.006956521739130528 0.4045416316232129
0.01565217391304352 0.40790580319596303
0.02086956521739136 0.40790580319596303
0.027826086956521667 0.41295206055508826
0.029565217391304355 0.4112699747687132
0.03130434782608704 0.4112699747687132
0.027826086956521667 0.40790580319596303
0.03130434782608704 0.40622371740958796
0.0417391304347825 0.40622371740958796
0.04869565217391303 0.4011774600504625
0.05217391304347818 0.39949537426408743
0.050434782608695716 0.3944491169049622
0.0417391304347825 0.38940285954583675
0.026086956521739202 0.38267451640033645
0.013913043478260834 0.377628259041211
0.012173913043478368 0.3708999158957107
0.012173913043478368 0.36753574432296054
0.01565217391304352 0.3692178301093356
0.013913043478260834 0.3708999158957107
0.01043478260869568 0.3725820016820858
0.00521739130434784 0.3759461732548359
0.0 0.36753574432296054
-0.003478260869565264 0.3692178301093356
0.0017391304347826875 0.35744322960470987
-0.0017391304347825765 0.35744322960470987
0.0 0.34903280067283426
0.0 0.3473507148864592
-0.003478260869565264 0.3473507148864592
-0.00521739130434784 0.34230445752733396
-0.006956521739130417 0.34230445752733396
-0.006956521739130417 0.34903280067283426
-0.006956521739130417 0.3473507148864592
-0.0017391304347825765 0.3557611438183348
0.0 0.3540790580319597
0.0017391304347826875 0.3540790580319597
0.0017391304347826875 0.3540790580319597
-0.0017391304347825765 0.3540790580319597
0.0 0.3557611438183348
0.0 0.3557611438183348
-0.0017391304347825765 0.35071488645920934
0.0 0.3540790580319597
0.0017391304347826875 0.3540790580319597
0.003478260869565153 0.3523969722455844
0.003478260869565153 0.35744322960470987
0.00521739130434784 0.35744322960470987
0.006956521739130528 0.36753574432296054
0.01043478260869568 0.3708999158957107
0.017391304347825987 0.37426408746846085
0.019130434782608674 0.3692178301093356
0.01565217391304352 0.36585365853658547
0.017391304347825987 0.3624894869638351
0.013913043478260834 0.3540790580319597
0.013913043478260834 0.3540790580319597
0.017391304347825987 0.3557611438183348
0.02086956521739136 0.36080740117746
0.019130434782608674 0.36080740117746
0.022608695652173827 0.3692178301093356
0.02086956521739136 0.3793103448275863
0.019130434782608674 0.3860386879730866
0.01565217391304352 0.3860386879730866
0.013913043478260834 0.3877207737594617
0.01565217391304352 0.3843566021867115
0.012173913043478368 0.38267451640033645
0.01043478260869568 0.3793103448275863
0.006956521739130528 0.36585365853658547
0.003478260869565153 0.36080740117746
0.0017391304347826875 0.3557611438183348
0.0 0.3540790580319597
0.0017391304347826875 0.35744322960470987
0.0 0.35744322960470987
0.0017391304347826875 0.36080740117746
0.00521739130434784 0.36080740117746
-0.0017391304347825765 0.3540790580319597
0.0 0.35071488645920934
-0.00521739130434784 0.34903280067283426
-0.008695652173912993 0.35071488645920934
-0.00521739130434784 0.3456686291000841
-0.008695652173912993 0.34903280067283426
-0.012173913043478257 0.34903280067283426
-0.003478260869565264 0.3540790580319597
-0.0017391304347825765 0.3557611438183348
0.0017391304347826875 0.3557611438183348
0.0017391304347826875 0.3540790580319597
0.003478260869565153 0.34903280067283426
0.003478260869565153 0.3473507148864592
-0.0017391304347825765 0.3456686291000841
0.0 0.3372582001682085
0.003478260869565153 0.3389402859545836
0.003478260869565153 0.33389402859545836
0.006956521739130528 0.3305298570227082
0.00521739130434784 0.32884777123633313
0.006956521739130528 0.32548359966358276
0.01043478260869568 0.32548359966358276
0.00521739130434784 0.32548359966358276
0.012173913043478368 0.3305298570227082
0.012173913043478368 0.32884777123633313
0.01565217391304352 0.3305298570227082
0.02086956521739136 0.32884777123633313
0.02086956521739136 0.32716568544995805
0.022608695652173827 0.3238015138772077
0.022608695652173827 0.32043734230445753
0.022608695652173827 0.3221194280908326
0.019130434782608674 0.32548359966358276
0.024347826086956514 0.32716568544995805
0.027826086956521667 0.3305298570227082
0.03130434782608704 0.3372582001682085
0.03130434782608704 0.34398654331370904
0.03652173913043488 0.3456686291000841
0.04347826086956519 0.3406223717409589
0.045217391304347876 0.3456686291000841
0.04869565217391303 0.3540790580319597
0.045217391304347876 0.3557611438183348
0.04695652173913034 0.3540790580319597
0.04347826086956519 0.3557611438183348
0.0417391304347825 0.35912531539108494
0.040000000000000036 0.36080740117746
0.04695652173913034 0.36585365853658547
0.05217391304347818 0.36753574432296054
0.05565217391304356 0.3708999158957107
0.06260869565217386 0.3725820016820858
0.05913043478260871 0.3692178301093356
0.05913043478260871 0.36080740117746
0.05217391304347818 0.3557611438183348
0.0417391304347825 0.34903280067283426
0.034782608695652195 0.3456686291000841
0.03130434782608704 0.3389402859545836
0.026086956521739202 0.3406223717409589
0.02086956521739136 0.3389402859545836
0.026086956521739202 0.33557611438183343
0.02086956521739136 0.33389402859545836
0.017391304347825987 0.32884777123633313
0.017391304347825987 0.3238015138772077
0.01043478260869568 0.3221194280908326
0.00521739130434784 0.3238015138772077
0.006956521739130528 0.32043734230445753
0.003478260869565153 0.3221194280908326
-0.003478260869565264 0.3170731707317074
-0.006956521739130417 0.3153910849453323
-0.012173913043478257 0.3086627417998318
-0.013913043478260834 0.31034482758620685
-0.01565217391304352 0.3086627417998318
-0.013913043478260834 0.313708999158957
-0.01565217391304352 0.3170731707317074
-0.012173913043478257 0.3153910849453323
-0.01043478260869568 0.313708999158957
-0.006956521739130417 0.3170731707317074
-0.006956521739130417 0.313708999158957
-0.008695652173912993 0.31034482758620685
-0.012173913043478257 0.3153910849453323
-0.01043478260869568 0.313708999158957
-0.00521739130434784 0.3221194280908326
-0.003478260869565264 0.3305298570227082
0.00521739130434784 0.3389402859545836
0.013913043478260834 0.3456686291000841
0.019130434782608674 0.3557611438183348
0.03130434782608704 0.36080740117746
0.03304347826086951 0.36585365853658547
0.040000000000000036 0.3708999158957107
0.04695652173913034 0.3809924306139614
0.050434782608695716 0.3877207737594617
0.05565217391304356 0.39276703111858713
0.06608695652173924 0.40790580319596303
0.07130434782608686 0.4179983179142137
0.08521739130434791 0.42304457527333894
0.1026086956521739 0.4331370899915896
0.12173913043478257 0.43818334735071485
0.14434782608695662 0.4449116904962154
0.15999999999999992 0.4499579478553406
0.1791304347826086 0.45500420521446583
0.19478260869565212 0.4583683767872162
0.20173913043478264 0.4684608915054669
0.20869565217391295 0.47855340622371734
0.2139130434782608 0.49537426408746854
0.22782608695652184 0.5172413793103448
0.2539130434782608 0.5441547518923464
0.297391304347826 0.5845248107653491
0.3600000000000001 0.6316232127838519
0.42956521739130427 0.6837678721614802
0.5078260869565216 0.7392767031118588
0.5808695652173914 0.7813288477712363
0.6573913043478261 0.7931034482758621
0.7147826086956521 0.7661900756938604
0.7460869565217392 0.6921783010933558
0.7373913043478262 0.5878889823380993
0.6886956521739132 0.47014297729184196
0.5895652173913044 0.36753574432296054
0.45565217391304347 0.2901597981497057
0.2834782608695652 0.2430613961312027
0.09913043478260875 0.22119428090832627
-0.07304347826086954 0.19932716568545006
-0.21043478260869564 0.18250630782169885
-0.2817391304347826 0.16736753574432295
-0.288695652173913 0.16063919259882264
-0.2539130434782608 0.16904962153069802
-0.19478260869565223 0.1875525651808243
-0.128695652173913 0.2111017661900756
-0.07652173913043481 0.24810765349032793
-0.040000000000000036 0.2767031118587049
-0.01565217391304352 0.30361648444070655
-0.006956521739130417 0.32548359966358276
-0.006956521739130417 0.34230445752733396
-0.01565217391304352 0.3473507148864592
-0.019130434782608674 0.34903280067283426
-0.022608695652173938 0.3473507148864592
-0.02782608695652178 0.34903280067283426
-0.022608695652173938 0.35071488645920934
-0.019130434782608674 0.3473507148864592
-0.024347826086956514 0.34398654331370904
-0.02086956521739125 0.34398654331370904
-0.02086956521739125 0.3406223717409589
-0.02086956521739125 0.3473507148864592
-0.019130434782608674 0.34398654331370904
-0.017391304347826098 0.3473507148864592
-0.017391304347826098 0.34903280067283426
-0.013913043478260834 0.3540790580319597
-0.01043478260869568 0.3523969722455844
-0.01043478260869568 0.35744322960470987
-0.012173913043478257 0.3540790580319597
-0.017391304347826098 0.3540790580319597
-0.017391304347826098 0.3557611438183348
-0.019130434782608674 0.34903280067283426
-0.017391304347826098 0.34903280067283426
-0.017391304347826098 0.3523969722455844
-0.017391304347826098 0.35071488645920934
-0.019130434782608674 0.3473507148864592
-0.017391304347826098 0.35071488645920934
-0.019130434782608674 0.3523969722455844
-0.019130434782608674 0.3540790580319597
-0.02086956521739125 0.3540790580319597
-0.013913043478260834 0.3540790580319597
-0.01043478260869568 0.35912531539108494
-0.008695652173912993 0.35912531539108494
-0.008695652173912993 0.35744322960470987
-0.01043478260869568 0.35912531539108494
-0.01565217391304352 0.36080740117746
-0.019130434782608674 0.35912531539108494
-0.024347826086956514 0.36585365853658547
-0.024347826086956514 0.36753574432296054
-0.022608695652173938 0.36753574432296054
-0.02086956521739125 0.3692178301093356
-0.02086956521739125 0.3708999158957107
-0.01565217391304352 0.3708999158957107
-0.012173913043478257 0.3692178301093356
-0.008695652173912993 0.3692178301093356
-0.012173913043478257 0.36753574432296054
-0.01043478260869568 0.36753574432296054
-0.019130434782608674 0.3759461732548359
-0.017391304347826098 0.377628259041211
-0.019130434782608674 0.3809924306139614
-0.01565217391304352 0.3843566021867115
-0.013913043478260834 0.3860386879730866
-0.008695652173912993 0.38940285954583675
-0.00521739130434784 0.38940285954583675
-0.006956521739130417 0.39108494533221205
-0.006956521739130417 0.3961312026913373
-0.003478260869565264 0.3944491169049622
-0.006956521739130417 0.39276703111858713
-0.008695652173912993 0.3944491169049622
-0.006956521739130417 0.3944491169049622
-0.006956521739130417 0.4011774600504625
-0.003478260869565264 0.40790580319596303
-0.00521739130434784 0.4095878889823381
-0.0017391304347825765 0.4163162321278384
0.0 0.4179983179142137
0.0017391304347826875 0.4179983179142137
0.00521739130434784 0.4196804037005888
0.006956521739130528 0.42304457527333894
0.012173913043478368 0.42304457527333894
0.012173913043478368 0.4264087468460891
0.017391304347825987 0.42809083263246417
0.022608695652173827 0.43145500420521454
0.024347826086956514 0.42809083263246417
0.026086956521739202 0.43145500420521454
0.03130434782608704 0.43145500420521454
0.040000000000000036 0.42977291841883947
0.045217391304347876 0.4331370899915896
0.050434782608695716 0.4196804037005888
0.05391304347826087 0.424726661059714
0.05739130434782602 0.4196804037005888
0.04869565217391303 0.41295206055508826
0.045217391304347876 0.40622371740958796
0.027826086956521667 0.39781328847771236
0.017391304347825987 0.3961312026913373
0.012173913043478368 0.3843566021867115
0.008695652173912993 0.377628259041211
0.012173913043478368 0.377628259041211
0.013913043478260834 0.37426408746846085
0.008695652173912993 0.3725820016820858
0.01043478260869568 0.36753574432296054
0.003478260869565153 0.36753574432296054
0.0 0.35912531539108494
-0.006956521739130417 0.35071488645920934
-0.008695652173912993 0.3456686291000841
-0.012173913043478257 0.3406223717409589
-0.012173913043478257 0.34398654331370904
-0.013913043478260834 0.34230445752733396
-0.012173913043478257 0.34398654331370904
-0.006956521739130417 0.3473507148864592
0.0 0.34398654331370904
-0.003478260869565264 0.3473507148864592
-0.008695652173912993 0.3456686291000841
-0.017391304347826098 0.34398654331370904
-0.013913043478260834 0.3406223717409589
-0.017391304347826098 0.33557611438183343
-0.02086956521739125 0.3389402859545836
-0.01565217391304352 0.33389402859545836
-0.01043478260869568 0.3372582001682085
-0.006956521739130417 0.34230445752733396
-0.003478260869565264 0.34398654331370904
0.0 0.34903280067283426
0.0 0.3540790580319597
0.008695652173912993 0.3523969722455844
0.01043478260869568 0.3540790580319597
0.006956521739130528 0.35071488645920934
0.003478260869565153 0.3406223717409589
0.0 0.34230445752733396
-0.003478260869565264 0.34230445752733396
-0.0017391304347825765 0.3389402859545836
-0.003478260869565264 0.3406223717409589
0.0017391304347826875 0.34398654331370904
0.00521739130434784 0.3473507148864592
0.003478260869565153 0.3473507148864592
0.006956521739130528 0.34903280067283426
0.006956521739130528 0.35071488645920934
0.008695652173912993 0.35071488645920934
0.008695652173912993 0.34903280067283426
0.012173913043478368 0.3456686291000841
0.01043478260869568 0.3473507148864592
0.01043478260869568 0.34230445752733396
0.01043478260869568 0.3456686291000841
0.0 0.3456686291000841
0.00521739130434784 0.3456686291000841
0.003478260869565153 0.34398654331370904
0.0 0.3473507148864592
0.00521739130434784 0.3523969722455844
0.013913043478260834 0.3473507148864592
0.01565217391304352 0.35071488645920934
0.01565217391304352 0.3456686291000841
0.017391304347825987 0.3456686291000841
0.012173913043478368 0.3456686291000841
0.01043478260869568 0.3372582001682085
0.003478260869565153 0.3372582001682085
-0.0017391304347825765 0.3389402859545836
-0.00521739130434784 0.3372582001682085
-0.00521739130434784 0.3406223717409589
-0.0017391304347825765 0.34230445752733396
0.003478260869565153 0.34398654331370904
0.00521739130434784 0.3406223717409589
0.00521739130434784 0.34230445752733396
0.003478260869565153 0.3406223717409589
0.003478260869565153 0.3372582001682085
-0.0017391304347825765 0.3305298570227082
-0.00521739130434784 0.3305298570227082
-0.008695652173912993 0.3322119428090833
-0.012173913043478257 0.32716568544995805
-0.006956521739130417 0.3305298570227082
-0.00521739130434784 0.3305298570227082
-0.006956521739130417 0.3305298570227082
-0.01043478260869568 0.3305298570227082
-0.00521739130434784 0.3305298570227082
-0.006956521739130417 0.32548359966358276
-0.00521739130434784 0.32716568544995805
-0.003478260869565264 0.32716568544995805
-0.003478260869565264 0.3221194280908326
-0.008695652173912993 0.31875525651808245
-0.01043478260869568 0.31875525651808245
-0.012173913043478257 0.3221194280908326
-0.01043478260869568 0.32548359966358276
-0.006956521739130417 0.3305298570227082
-0.008695652173912993 0.33389402859545836
-0.0017391304347825765 0.3322119428090833
0.00521739130434784 0.3372582001682085
0.0 0.3372582001682085
0.0017391304347826875 0.3389402859545836
0.0017391304347826875 0.3372582001682085
0.00521739130434784 0.34230445752733396
0.012173913043478368 0.34230445752733396
0.013913043478260834 0.3406223717409589
0.012173913043478368 0.34230445752733396
0.012173913043478368 0.3456686291000841
0.01565217391304352 0.34903280067283426
0.024347826086956514 0.35071488645920934
0.026086956521739202 0.35744322960470987
0.03304347826086951 0.3624894869638351
0.03826086956521735 0.36080740117746
0.0417391304347825 0.35744322960470987
0.04347826086956519 0.35071488645920934
0.03652173913043488 0.3456686291000841
0.03652173913043488 0.33557611438183343
0.034782608695652195 0.3305298570227082
0.027826086956521667 0.33389402859545836
0.027826086956521667 0.3305298570227082
0.024347826086956514 0.33557611438183343
0.024347826086956514 0.3322119428090833
0.024347826086956514 0.33557611438183343
0.024347826086956514 0.3305298570227082
0.027826086956521667 0.3238015138772077
0.02086956521739136 0.3221194280908326
0.01565217391304352 0.3153910849453323
0.01043478260869568 0.313708999158957
0.00521739130434784 0.30361648444070655
-0.0017391304347825765 0.30193439865433147
-0.01043478260869568 0.3086627417998318
-0.01043478260869568 0.3052985702270816
-0.01043478260869568 0.3069806560134567
-0.013913043478260834 0.31034482758620685
-0.01043478260869568 0.3120269133725819
-0.008695652173912993 0.3069806560134567
-0.012173913043478257 0.30193439865433147
-0.01043478260869568 0.2985702270815811
-0.012173913043478257 0.2985702270815811
-0.01043478260869568 0.2918418839360808
-0.013913043478260834 0.29352396972245587
-0.02086956521739125 0.29352396972245587
-0.013913043478260834 0.3002523128679562
-0.013913043478260834 0.30193439865433147
-0.01043478260869568 0.31034482758620685
-0.00521739130434784 0.3153910849453323
0.006956521739130528 0.3221194280908326
0.01565217391304352 0.32548359966358276
0.013913043478260834 0.32548359966358276
0.02086956521739136 0.33389402859545836
0.024347826086956514 0.33389402859545836
0.024347826086956514 0.3389402859545836
0.024347826086956514 0.34398654331370904
0.02086956521739136 0.3473507148864592
0.03130434782608704 0.3540790580319597
0.040000000000000036 0.3708999158957107
0.04869565217391303 0.3759461732548359
0.0608695652173914 0.38940285954583675
0.0678260869565217 0.39781328847771236
0.0765217391304347 0.4095878889823381
0.08521739130434791 0.4179983179142137
0.10086956521739121 0.4196804037005888
0.11826086956521742 0.42136248948696386
0.1356521739130434 0.4264087468460891
0.14956521739130424 0.4196804037005888
0.1617391304347826 0.42977291841883947
0.1721739130434783 0.4348191757779647
0.1791304347826086 0.4482758620689655
0.1878260869565218 0.46173254835996635
0.2034782608695651 0.4835996635828428
0.2382608695652173 0.5105130361648444
0.28695652173913033 0.5458368376787217
0.34782608695652173 0.5946173254835996
0.4243478260869564 0.6450798990748527
0.5078260869565216 0.7039529015979815
0.5895652173913044 0.7594617325483599
0.6643478260869564 0.7931034482758621
0.728695652173913 0.7964676198486123
0.7669565217391305 0.7594617325483599
0.7721739130434782 0.68040370058873
0.7304347826086957 0.5744322960470984
0.6417391304347826 0.47014297729184196
0.5043478260869565 0.3793103448275863
0.3321739130434782 0.3120269133725819
0.1460869565217391 0.26492851135407913
-0.045217391304347876 0.23633305298570217
-0.19304347826086954 0.20605550883095036
-0.2904347826086957 0.17241379310344818
-0.3147826086956522 0.15054667788057197
-0.28521739130434787 0.1387720773759462
-0.22782608695652173 0.15391084945332212
-0.16000000000000003 0.17746005046257363
-0.09739130434782606 0.20773759461732544
-0.04347826086956519 0.24474348191757778
-0.013913043478260834 0.2750210260723296
-0.0017391304347825765 0.3052985702270816
0.00521739130434784 0.3170731707317074
-0.003478260869565264 0.3305298570227082
-0.012173913043478257 0.32884777123633313
-0.022608695652173938 0.32548359966358276
-0.02608695652173909 0.32548359966358276
-0.029565217391304355 0.31875525651808245
-0.02782608695652178 0.32548359966358276
-0.029565217391304355 0.32884777123633313
-0.02086956521739125 0.3322119428090833
-0.017391304347826098 0.33557611438183343
-0.019130434782608674 0.34230445752733396
-0.012173913043478257 0.34398654331370904
-0.013913043478260834 0.34230445752733396
-0.012173913043478257 0.34398654331370904
-0.008695652173912993 0.3389402859545836
-0.01043478260869568 0.3389402859545836
-0.008695652173912993 0.33557611438183343
-0.01043478260869568 0.33389402859545836
-0.01565217391304352 0.33389402859545836
-0.013913043478260834 0.33389402859545836
-0.017391304347826098 0.3406223717409589
-0.01565217391304352 0.3406223717409589
-0.013913043478260834 0.3406223717409589
-0.00521739130434784 0.34903280067283426
-0.003478260869565264 0.34398654331370904
-0.0017391304347825765 0.34230445752733396
-0.008695652173912993 0.3389402859545836
-0.00521739130434784 0.3406223717409589
-0.013913043478260834 0.33389402859545836
-0.01565217391304352 0.3372582001682085
-0.017391304347826098 0.33557611438183343
-0.019130434782608674 0.33389402859545836
-0.01565217391304352 0.34398654331370904
-0.013913043478260834 0.34230445752733396
-0.003478260869565264 0.3473507148864592
-0.003478260869565264 0.3540790580319597
-0.00521739130434784 0.35071488645920934
-0.0017391304347825765 0.35071488645920934
-0.00521739130434784 0.34903280067283426
-0.008695652173912993 0.3523969722455844
-0.012173913043478257 0.3473507148864592
-0.012173913043478257 0.3473507148864592
-0.008695652173912993 0.34903280067283426
-0.012173913043478257 0.3540790580319597
-0.006956521739130417 0.3540790580319597
-0.003478260869565264 0.36417157275021017
-0.0017391304347825765 0.3624894869638351
0.0017391304347826875 0.36585365853658547
0.003478260869565153 0.3692178301093356
0.0017391304347826875 0.3692178301093356
0.003478260869565153 0.3692178301093356
0.003478260869565153 0.36753574432296054
0.0017391304347826875 0.36753574432296054
0.0 0.36753574432296054
-0.0017391304347825765 0.3708999158957107
0.003478260869565153 0.3793103448275863
0.006956521739130528 0.3843566021867115
0.006956521739130528 0.38940285954583675
0.008695652173912993 0.39276703111858713
0.012173913043478368 0.39949537426408743
0.01565217391304352 0.3961312026913373
0.019130434782608674 0.39949537426408743
0.019130434782608674 0.39949537426408743
0.017391304347825987 0.39781328847771236
0.02086956521739136 0.4011774600504625
0.01565217391304352 0.39949537426408743
0.01565217391304352 0.40790580319596303
0.019130434782608674 0.40790580319596303
0.024347826086956514 0.41463414634146334
0.03130434782608704 0.424726661059714
0.03826086956521735 0.42304457527333894
0.045217391304347876 0.424726661059714
0.0417391304347825 0.4196804037005888
0.0417391304347825 0.42136248948696386
0.040000000000000036 0.4179983179142137
0.0417391304347825 0.4112699747687132
0.04347826086956519 0.4045416316232129
0.040000000000000036 0.4011774600504625
0.03130434782608704 0.39949537426408743
0.029565217391304355 0.39276703111858713
0.027826086956521667 0.39108494533221205
0.027826086956521667 0.38267451640033645
0.029565217391304355 0.3809924306139614
0.027826086956521667 0.3793103448275863
0.024347826086956514 0.3725820016820858
0.026086956521739202 0.3725820016820858
0.022608695652173827 0.3624894869638351
0.019130434782608674 0.35912531539108494
0.019130434782608674 0.3523969722455844
0.013913043478260834 0.35071488645920934
0.013913043478260834 0.3456686291000841
0.01043478260869568 0.3406223717409589
0.00521739130434784 0.3473507148864592
0.006956521739130528 0.34903280067283426
0.008695652173912993 0.34903280067283426
0.013913043478260834 0.34903280067283426
0.013913043478260834 0.3456686291000841
0.013913043478260834 0.3456686291000841
0.013913043478260834 0.3406223717409589
0.012173913043478368 0.3389402859545836
0.012173913043478368 0.3372582001682085
0.01043478260869568 0.33557611438183343
0.012173913043478368 0.3372582001682085
0.012173913043478368 0.33557611438183343
0.012173913043478368 0.3406223717409589
0.012173913043478368 0.34230445752733396
0.01565217391304352 0.34398654331370904
0.019130434782608674 0.3456686291000841
0.017391304347825987 0.3456686291000841
0.019130434782608674 0.34903280067283426
0.022608695652173827 0.3456686291000841
0.019130434782608674 0.34398654331370904
0.01565217391304352 0.3406223717409589
0.017391304347825987 0.3406223717409589
0.012173913043478368 0.3389402859545836
0.012173913043478368 0.34398654331370904
0.01565217391304352 0.3456686291000841
0.017391304347825987 0.3473507148864592
0.02086956521739136 0.34903280067283426
0.027826086956521667 0.3540790580319597
0.029565217391304355 0.35071488645920934
0.026086956521739202 0.35071488645920934
0.024347826086956514 0.3473507148864592
0.019130434782608674 0.3473507148864592
0.017391304347825987 0.34398654331370904
0.019130434782608674 0.3456686291000841
0.013913043478260834 0.35071488645920934
0.013913043478260834 0.3540790580319597
0.017391304347825987 0.3523969722455844
0.01565217391304352 0.3523969722455844
0.024347826086956514 0.34903280067283426
0.024347826086956514 0.3523969722455844
0.017391304347825987 0.3456686291000841
0.019130434782608674 0.34398654331370904
0.017391304347825987 0.3389402859545836
0.01565217391304352 0.3389402859545836
0.013913043478260834 0.3305298570227082
0.008695652173912993 0.3305298570227082
0.006956521739130528 0.3305298570227082
0.0 0.32884777123633313
0.00521739130434784 0.32884777123633313
-0.0017391304347825765 0.3322119428090833
0.0017391304347826875 0.3305298570227082
0.003478260869565153 0.33389402859545836
0.00521739130434784 0.3305298570227082
0.008695652173912993 0.3305298570227082
0.008695652173912993 0.3238015138772077
0.0017391304347826875 0.31875525651808245
-0.0017391304347825765 0.3153910849453323
-0.006956521739130417 0.31875525651808245
-0.008695652173912993 0.3153910849453323
-0.00521739130434784 0.31875525651808245
-0.00521739130434784 0.3238015138772077
0.0 0.32548359966358276
0.0 0.32548359966358276
0.003478260869565153 0.32884777123633313
0.0017391304347826875 0.32716568544995805
0.0017391304347826875 0.3221194280908326
0.0017391304347826875 0.3153910849453323
-0.0017391304347825765 0.31875525651808245
-0.0017391304347825765 0.313708999158957
-0.0017391304347825765 0.3120269133725819
-0.003478260869565264 0.3153910849453323
-0.003478260869565264 0.31034482758620685
-0.0017391304347825765 0.3153910849453323
0.003478260869565153 0.32043734230445753
0.006956521739130528 0.32043734230445753
0.012173913043478368 0.3238015138772077
0.013913043478260834 0.3238015138772077
0.013913043478260834 0.3305298570227082
0.017391304347825987 0.3322119428090833
0.019130434782608674 0.3322119428090833
0.017391304347825987 0.3305298570227082
0.024347826086956514 0.3305298570227082
0.022608695652173827 0.33557611438183343
0.026086956521739202 0.3389402859545836
0.03304347826086951 0.3406223717409589
0.034782608695652195 0.34398654331370904
0.03826086956521735 0.3406223717409589
0.0417391304347825 0.3456686291000841
0.04695652173913034 0.34398654331370904
0.050434782608695716 0.34398654331370904
0.04869565217391303 0.34230445752733396
0.05217391304347818 0.3389402859545836
0.04695652173913034 0.33557611438183343
0.04347826086956519 0.3322119428090833
0.03826086956521735 0.33389402859545836
0.03826086956521735 0.3322119428090833
0.034782608695652195 0.33557611438183343
0.03304347826086951 0.3372582001682085
0.03130434782608704 0.3372582001682085
0.027826086956521667 0.3305298570227082
0.026086956521739202 0.32884777123633313
0.026086956521739202 0.3238015138772077
0.02086956521739136 0.3153910849453323
0.01565217391304352 0.313708999158957
0.008695652173912993 0.3069806560134567
0.00521739130434784 0.3069806560134567
0.0 0.3069806560134567
-0.0017391304347825765 0.31034482758620685
-0.003478260869565264 0.3120269133725819
-0.00521739130434784 0.31034482758620685
-0.008695652173912993 0.31034482758620685
-0.008695652173912993 0.3153910849453323
-0.01565217391304352 0.3086627417998318
-0.01043478260869568 0.3086627417998318
-0.012173913043478257 0.30361648444070655
-0.008695652173912993 0.3086627417998318
-0.013913043478260834 0.3052985702270816
-0.008695652173912993 0.3086627417998318
-0.008695652173912993 0.31034482758620685
-0.00521739130434784 0.313708999158957
0.0017391304347826875 0.3170731707317074
0.01043478260869568 0.3221194280908326
0.019130434782608674 0.32716568544995805
0.019130434782608674 0.3322119428090833
0.02086956521739136 0.3322119428090833
0.022608695652173827 0.3406223717409589
0.029565217391304355 0.3406223717409589
0.029565217391304355 0.3456686291000841
0.03652173913043488 0.35071488645920934
0.045217391304347876 0.35912531539108494
0.050434782608695716 0.36753574432296054
0.05913043478260871 0.3793103448275863
0.07130434782608686 0.38940285954583675
0.08347826086956522 0.39949537426408743
0.08695652173913038 0.4095878889823381
0.09739130434782606 0.41463414634146334
0.10086956521739121 0.4196804037005888
0.11130434782608689 0.42809083263246417
0.12173913043478257 0.4331370899915896
0.1373913043478261 0.43650126156433977
0.15304347826086961 0.4398654331370899
0.1721739130434783 0.4449116904962154
0.17739130434782613 0.4499579478553406
0.18608695652173912 0.4566862910008411
0.1965217391304348 0.4684608915054669
0.20173913043478264 0.4819175777964677
0.2139130434782608 0.4970563498738436
0.23652173913043484 0.5206055508830951
0.27130434782608703 0.5492010092514719
0.3182608695652174 0.5878889823380993
0.3773913043478261 0.6366694701429774
0.4469565217391305 0.6854499579478552
0.5217391304347827 0.7392767031118588
0.586086956521739 0.7712363330529857
0.6486956521739131 0.7880571909167366
0.6939130434782608 0.7678721614802355
0.72 0.7123633305298571
0.711304347826087 0.6265769554247267
0.6678260869565218 0.5239697224558453
0.5808695652173914 0.42809083263246417
0.4504347826086956 0.35071488645920934
0.29391304347826086 0.29520605550883094
0.11652173913043473 0.26156433978132876
-0.05739130434782613 0.23801513877207747
-0.2052173913043478 0.21614802354920104
-0.2973913043478261 0.19259882253994953
-0.32173913043478264 0.18250630782169885
-0.29565217391304344 0.18082422203532378
-0.23304347826086957 0.1942809083263246
-0.16521739130434787 0.21783010933557612
-0.09913043478260875 0.24642556770395285
-0.04347826086956519 0.2817493692178301
-0.012173913043478257 0.3120269133725819
-0.0017391304347825765 0.33557611438183343
0.00521739130434784 0.35071488645920934
-0.00521739130434784 0.35912531539108494
-0.017391304347826098 0.35912531539108494
-0.024347826086956514 0.35744322960470987
-0.03130434782608693 0.35912531539108494
-0.029565217391304355 0.35912531539108494
-0.02608695652173909 0.3624894869638351
-0.019130434782608674 0.36585365853658547
-0.017391304347826098 0.3725820016820858
-0.01043478260869568 0.377628259041211
-0.01043478260869568 0.3759461732548359
-0.01043478260869568 0.377628259041211
-0.01565217391304352 0.3759461732548359
-0.013913043478260834 0.37426408746846085
-0.02086956521739125 0.3759461732548359
-0.02086956521739125 0.37426408746846085
-0.02086956521739125 0.377628259041211
-0.01565217391304352 0.3809924306139614
-0.013913043478260834 0.3809924306139614
