0.29487179487179493 -0.12648221343873522
0.3012820512820513 -0.12648221343873522
0.3092948717948718 -0.12450592885375489
0.3108974358974359 -0.12252964426877466
0.3108974358974359 -0.12252964426877466
0.3092948717948718 -0.11857707509881421
0.3076923076923077 -0.11857707509881421
0.3173076923076923 -0.11264822134387353
0.3205128205128205 -0.11660079051383399
0.3237179487179487 -0.11462450592885376
0.3221153846153846 -0.11264822134387353
0.3205128205128205 -0.10869565217391308
0.3205128205128205 -0.10474308300395252
0.3253205128205128 -0.10079051383399207
0.33173076923076916 -0.10474308300395252
0.33173076923076916 -0.1027667984189723
0.33012820512820507 -0.10474308300395252
0.32692307692307687 -0.09881422924901184
0.32692307692307687 -0.09288537549407117
0.33493589743589736 -0.09288537549407117
0.33814102564102555 -0.09683794466403162
0.33653846153846145 -0.09683794466403162
0.33173076923076916 -0.09683794466403162
0.33333333333333326 -0.09486166007905139
0.33333333333333326 -0.09288537549407117
0.33814102564102555 -0.09090909090909094
0.33974358974358965 -0.09486166007905139
0.34134615384615374 -0.09486166007905139
0.33814102564102555 -0.09683794466403162
0.33173076923076916 -0.09486166007905139
0.33012820512820507 -0.08893280632411071
0.33653846153846145 -0.09288537549407117
0.33974358974358965 -0.09486166007905139
0.33814102564102555 -0.09881422924901184
0.33333333333333326 -0.1027667984189723
0.32852564102564097 -0.09683794466403162
0.32692307692307687 -0.09090909090909094
0.33012820512820507 -0.09486166007905139
0.33173076923076916 -0.10079051383399207
0.33012820512820507 -0.1027667984189723
0.3253205128205128 -0.10474308300395252
0.3221153846153846 -0.10474308300395252
0.3205128205128205 -0.10079051383399207
0.3221153846153846 -0.09486166007905139
0.3237179487179487 -0.09881422924901184
0.3189102564102564 -0.10671936758893286
0.3173076923076923 -0.11660079051383399
0.3092948717948718 -0.11067193675889331
0.3092948717948718 -0.10671936758893286
0.3076923076923077 -0.10671936758893286
0.3108974358974359 -0.11067193675889331
0.3076923076923077 -0.11462450592885376
0.3044871794871795 -0.12252964426877466
0.2996794871794872 -0.11660079051383399
0.29807692307692313 -0.11264822134387353
0.3012820512820513 -0.11067193675889331
0.3028846153846154 -0.11462450592885376
0.2996794871794872 -0.12450592885375489
0.29487179487179493 -0.1324110671936759
0.29326923076923084 -0.12648221343873522
0.28525641025641035 -0.12648221343873522
0.29006410256410264 -0.12055335968379444
0.29006410256410264 -0.12252964426877466
0.29166666666666674 -0.1324110671936759
0.28685897435897445 -0.13438735177865613
0.28044871794871784 -0.13043478260869568
0.27724358974358965 -0.12648221343873522
0.28044871794871784 -0.12648221343873522
0.28205128205128216 -0.1324110671936759
0.28044871794871784 -0.1403162055335968
0.27884615384615374 -0.1403162055335968
0.27724358974358965 -0.1403162055335968
0.27243589743589736 -0.13636363636363635
0.27403846153846145 -0.13636363636363635
0.27243589743589736 -0.14229249011857703
0.27564102564102555 -0.15019762845849804
0.26602564102564097 -0.15217391304347827
0.26442307692307687 -0.15217391304347827
0.2628205128205128 -0.14426877470355737
0.2628205128205128 -0.14426877470355737
0.26762820512820507 -0.1462450592885376
0.26602564102564097 -0.15612648221343872
0.2612179487179487 -0.1620553359683794
0.2580128205128205 -0.1620553359683794
0.2516025641025641 -0.1541501976284585
0.2564102564102564 -0.1541501976284585
0.2548076923076923 -0.15612648221343872
0.2564102564102564 -0.16600790513833996
0.25 -0.1699604743083004
0.2451923076923077 -0.1699604743083004
0.2435897435897436 -0.16600790513833996
0.2483974358974359 -0.1679841897233202
0.25 -0.1699604743083004
0.24198717948717952 -0.17786561264822132
0.24198717948717952 -0.1837944664031621
0.23237179487179493 -0.18181818181818177
0.23076923076923084 -0.17786561264822132
0.23237179487179493 -0.1758893280632411
0.23237179487179493 -0.1758893280632411
0.23237179487179493 -0.18972332015810278
0.22435897435897445 -0.19565217391304346
0.21794871794871784 -0.19565217391304346
0.21955128205128216 -0.18774703557312256
0.22275641025641035 -0.18181818181818177
0.22275641025641035 -0.18577075098814233
0.21634615384615374 -0.19762845849802368
0.21474358974358965 -0.1996047430830039
0.21153846153846145 -0.19762845849802368
0.20833333333333326 -0.19367588932806323
0.20993589743589736 -0.18972332015810278
0.21314102564102555 -0.18774703557312256
0.20833333333333326 -0.2055335968379447
0.20833333333333326 -0.21146245059288538
0.20512820512820507 -0.21146245059288538
0.19871794871794868 -0.20355731225296447
0.20192307692307687 -0.19762845849802368
0.19871794871794868 -0.19565217391304346
0.20032051282051277 -0.2055335968379447
0.19711538461538458 -0.21541501976284583
0.1939102564102564 -0.21541501976284583
0.1923076923076923 -0.20948616600790515
0.19711538461538458 -0.19762845849802368
0.19711538461538458 -0.20158102766798414
0.1923076923076923 -0.20948616600790515
0.1907051282051282 -0.21541501976284583
0.1875 -0.21936758893280628
0.1875 -0.20948616600790515
0.1858974358974359 -0.20355731225296447
0.1891025641025641 -0.20948616600790515
0.1875 -0.21541501976284583
0.1875 -0.21936758893280628
0.1842948717948718 -0.21936758893280628
0.1810897435897436 -0.20948616600790515
0.1842948717948718 -0.20750988142292492
0.1875 -0.2055335968379447
0.1826923076923077 -0.21541501976284583
0.1858974358974359 -0.22134387351778662
0.1826923076923077 -0.21739130434782605
0.17628205128205132 -0.21146245059288538
0.17788461538461542 -0.20355731225296447
0.1858974358974359 -0.20750988142292492
0.1858974358974359 -0.21541501976284583
0.17788461538461542 -0.22134387351778662
0.17948717948717952 -0.21739130434782605
0.17628205128205132 -0.20948616600790515
0.1810897435897436 -0.20158102766798414
0.1842948717948718 -0.20355731225296447
0.1810897435897436 -0.21146245059288538
0.17788461538461542 -0.21936758893280628
0.17948717948717952 -0.22134387351778662
0.17628205128205132 -0.2055335968379447
0.17788461538461542 -0.20750988142292492
0.17948717948717952 -0.20158102766798414
0.17628205128205132 -0.20750988142292492
0.17307692307692313 -0.21146245059288538
0.17307692307692313 -0.21146245059288538
0.17307692307692313 -0.20158102766798414
0.17788461538461542 -0.19762845849802368
0.1842948717948718 -0.19367588932806323
0.1858974358974359 -0.1996047430830039
0.1858974358974359 -0.2055335968379447
0.1875 -0.20355731225296447
0.1891025641025641 -0.19367588932806323
0.19551282051282048 -0.18181818181818177
0.19551282051282048 -0.17984189723320154
0.1907051282051282 -0.18972332015810278
0.1891025641025641 -0.19762845849802368
0.1858974358974359 -0.20158102766798414
0.1891025641025641 -0.19367588932806323
0.1858974358974359 -0.19367588932806323
0.1891025641025641 -0.19367588932806323
0.1875 -0.1996047430830039
0.1875 -0.2134387351778656
0.1810897435897436 -0.2134387351778656
0.1810897435897436 -0.20355731225296447
0.1842948717948718 -0.19762845849802368
0.1875 -0.2055335968379447
0.1875 -0.21739130434782605
0.1842948717948718 -0.2272727272727273
0.17948717948717952 -0.22529644268774707
0.17948717948717952 -0.21936758893280628
0.17628205128205132 -0.21146245059288538
0.17788461538461542 -0.21739130434782605
0.17628205128205132 -0.22332015810276684
0.17307692307692313 -0.22924901185770752
0.17147435897435903 -0.2272727272727273
0.17147435897435903 -0.22134387351778662
0.17467948717948723 -0.2134387351778656
0.1826923076923077 -0.2134387351778656
0.1810897435897436 -0.21541501976284583
0.17788461538461542 -0.22332015810276684
0.17788461538461542 -0.22134387351778662
0.17628205128205132 -0.21541501976284583
0.17628205128205132 -0.20750988142292492
0.1842948717948718 -0.2055335968379447
0.1810897435897436 -0.2134387351778656
0.17467948717948723 -0.21936758893280628
0.17307692307692313 -0.22332015810276684
0.17307692307692313 -0.21541501976284583
0.17467948717948723 -0.20948616600790515
0.17948717948717952 -0.2055335968379447
0.17948717948717952 -0.2134387351778656
0.17628205128205132 -0.21936758893280628
0.16987179487179493 -0.21739130434782605
0.17307692307692313 -0.20750988142292492
0.17628205128205132 -0.1996047430830039
0.17788461538461542 -0.20355731225296447
0.1826923076923077 -0.21146245059288538
0.17307692307692313 -0.22134387351778662
0.16826923076923084 -0.21936758893280628
0.16826923076923084 -0.21146245059288538
0.17628205128205132 -0.20355731225296447
0.17948717948717952 -0.2055335968379447
0.1810897435897436 -0.21739130434782605
0.17788461538461542 -0.21936758893280628
0.17467948717948723 -0.21541501976284583
0.17788461538461542 -0.2055335968379447
0.17467948717948723 -0.20158102766798414
0.1810897435897436 -0.2055335968379447
0.1810897435897436 -0.21146245059288538
0.17307692307692313 -0.21936758893280628
0.17147435897435903 -0.21739130434782605
0.17307692307692313 -0.2055335968379447
0.17948717948717952 -0.20158102766798414
0.1810897435897436 -0.20355731225296447
0.17628205128205132 -0.21146245059288538
0.17467948717948723 -0.21739130434782605
0.17628205128205132 -0.2134387351778656
0.17467948717948723 -0.20158102766798414
0.17467948717948723 -0.19762845849802368
0.17948717948717952 -0.20158102766798414
0.1810897435897436 -0.20948616600790515
0.17788461538461542 -0.21739130434782605
0.17467948717948723 -0.21146245059288538
0.17628205128205132 -0.20355731225296447
0.1810897435897436 -0.1996047430830039
0.1810897435897436 -0.19762845849802368
0.1858974358974359 -0.2055335968379447
0.1826923076923077 -0.2134387351778656
0.17948717948717952 -0.20948616600790515
0.17628205128205132 -0.20158102766798414
0.1858974358974359 -0.19565217391304346
0.1923076923076923 -0.19762845849802368
0.1923076923076923 -0.20750988142292492
0.1891025641025641 -0.20948616600790515
0.1875 -0.20948616600790515
0.1858974358974359 -0.20158102766798414
0.1858974358974359 -0.1996047430830039
0.1842948717948718 -0.19565217391304346
0.17467948717948723 -0.21146245059288538
0.16506410256410264 -0.22332015810276684
0.16025641025641035 -0.22529644268774707
0.14743589743589736 -0.23122529644268774
0.13942307692307687 -0.23320158102766797
0.1282051282051282 -0.24703557312252966
0.1217948717948718 -0.2707509881422925
0.10096153846153855 -0.2865612648221344
0.07211538461538458 -0.3003952569169961
0.05128205128205132 -0.31422924901185767
0.03846153846153855 -0.33596837944664026
0.028846153846153744 -0.37154150197628455
0.004807692307692291 -0.4169960474308301
-0.03205128205128205 -0.44466403162055335
-0.08173076923076927 -0.45849802371541504
-0.13942307692307687 -0.45256916996047436
-0.19551282051282048 -0.4426877470355731
-0.22435897435897434 -0.4347826086956522
-0.22435897435897434 -0.42885375494071143
-0.20833333333333337 -0.424901185770751
-0.1939102564102564 -0.4031620553359684
-0.17628205128205132 -0.36561264822134387
-0.15224358974358976 -0.3241106719367589
-0.12019230769230771 -0.2885375494071146
-0.09615384615384615 -0.2569169960474308
-0.0641025641025641 -0.2351778656126482
-0.038461538461538436 -0.19565217391304346
-0.012820512820512775 -0.15612648221343872
0.0064102564102563875 -0.10869565217391308
0.03044871794871784 -0.08695652173913049
0.04647435897435903 -0.0810276679841897
0.05608974358974361 -0.07509881422924902
0.0625 -0.06719367588932801
0.08333333333333326 -0.06324110671936756
0.11217948717948723 -0.06916996047430835
0.14102564102564097 -0.0810276679841897
0.16346153846153855 -0.1027667984189723
0.1810897435897436 -0.12648221343873522
0.1923076923076923 -0.13833992094861658
0.20032051282051277 -0.13636363636363635
0.20833333333333326 -0.13438735177865613
0.21474358974358965 -0.14229249011857703
0.21153846153846145 -0.16007905138339917
0.20993589743589736 -0.17193675889328064
0.20993589743589736 -0.17193675889328064
0.21314102564102555 -0.15810276679841895
0.21153846153846145 -0.15612648221343872
0.21955128205128216 -0.15810276679841895
0.21955128205128216 -0.16403162055335974
0.21634615384615374 -0.17391304347826086
0.21153846153846145 -0.17193675889328064
0.21314102564102555 -0.16403162055335974
0.21794871794871784 -0.15612648221343872
0.22435897435897445 -0.1620553359683794
0.22115384615384626 -0.16600790513833996
0.22115384615384626 -0.17193675889328064
0.21955128205128216 -0.17391304347826086
0.21955128205128216 -0.1699604743083004
0.22275641025641035 -0.15810276679841895
0.22596153846153855 -0.16007905138339917
0.22916666666666674 -0.1699604743083004
0.22596153846153855 -0.18181818181818177
0.22435897435897445 -0.1758893280632411
0.22115384615384626 -0.1699604743083004
0.22756410256410264 -0.15810276679841895
0.23076923076923084 -0.15810276679841895
0.22916666666666674 -0.17193675889328064
0.23237179487179493 -0.17786561264822132
0.22916666666666674 -0.17391304347826086
0.22756410256410264 -0.1620553359683794
0.23717948717948723 -0.15810276679841895
0.23878205128205132 -0.15810276679841895
0.24198717948717952 -0.16600790513833996
0.23878205128205132 -0.17391304347826086
0.23557692307692313 -0.17193675889328064
0.23557692307692313 -0.1620553359683794
0.24038461538461542 -0.15217391304347827
0.25 -0.15019762845849804
0.25 -0.16007905138339917
0.25 -0.16600790513833996
0.2483974358974359 -0.1699604743083004
0.2483974358974359 -0.15612648221343872
0.2516025641025641 -0.1462450592885376
0.2596153846153846 -0.14426877470355737
0.2580128205128205 -0.15217391304347827
0.2596153846153846 -0.15810276679841895
0.2564102564102564 -0.16007905138339917
0.2628205128205128 -0.15019762845849804
0.26602564102564097 -0.13833992094861658
0.27243589743589736 -0.13636363636363635
0.27403846153846145 -0.14229249011857703
0.27243589743589736 -0.15019762845849804
0.27083333333333326 -0.1541501976284585
0.27243589743589736 -0.14426877470355737
0.28044871794871784 -0.1324110671936759
0.28365384615384626 -0.12845849802371545
0.28685897435897445 -0.1324110671936759
0.28685897435897445 -0.1403162055335968
0.28525641025641035 -0.13636363636363635
0.28365384615384626 -0.12648221343873522
0.29487179487179493 -0.11857707509881421
0.29647435897435903 -0.11462450592885376
0.2996794871794872 -0.11857707509881421
0.2996794871794872 -0.12845849802371545
0.2996794871794872 -0.12450592885375489
0.2996794871794872 -0.11264822134387353
0.3076923076923077 -0.10671936758893286
0.3141025641025641 -0.10079051383399207
0.3157051282051282 -0.10869565217391308
0.3125 -0.11462450592885376
0.3092948717948718 -0.11857707509881421
0.3141025641025641 -0.10079051383399207
0.3205128205128205 -0.08893280632411071
0.3221153846153846 -0.08893280632411071
0.3237179487179487 -0.09881422924901184
0.3237179487179487 -0.10079051383399207
0.3237179487179487 -0.10079051383399207
0.3221153846153846 -0.09288537549407117
0.32692307692307687 -0.08300395256916993
0.33653846153846145 -0.08300395256916993
0.33974358974358965 -0.08498023715415015
0.33493589743589736 -0.09288537549407117
0.33333333333333326 -0.09090909090909094
0.33653846153846145 -0.08893280632411071
0.34134615384615374 -0.07707509881422925
0.34294871794871784 -0.0731225296442688
0.34455128205128216 -0.07905138339920947
0.33493589743589736 -0.09090909090909094
0.33814102564102555 -0.09288537549407117
0.33974358974358965 -0.08300395256916993
0.34294871794871784 -0.06916996047430835
0.34775641025641035 -0.06521739130434778
0.34294871794871784 -0.07707509881422925
0.34134615384615374 -0.08300395256916993
0.33974358974358965 -0.08695652173913049
0.33814102564102555 -0.07509881422924902
0.34455128205128216 -0.0731225296442688
0.34294871794871784 -0.06719367588932801
0.34134615384615374 -0.0731225296442688
0.33493589743589736 -0.08695652173913049
0.33012820512820507 -0.08300395256916993
0.33493589743589736 -0.08695652173913049
0.33653846153846145 -0.07707509881422925
0.33814102564102555 -0.07509881422924902
0.33493589743589736 -0.07905138339920947
0.33333333333333326 -0.08893280632411071
0.32692307692307687 -0.09486166007905139
0.32692307692307687 -0.09288537549407117
0.32852564102564097 -0.08300395256916993
0.32852564102564097 -0.08300395256916993
0.32692307692307687 -0.08695652173913049
0.3205128205128205 -0.09486166007905139
0.3173076923076923 -0.10079051383399207
0.3141025641025641 -0.09486166007905139
0.3173076923076923 -0.09090909090909094
0.3173076923076923 -0.08893280632411071
0.3189102564102564 -0.09288537549407117
0.3141025641025641 -0.10671936758893286
0.3108974358974359 -0.11067193675889331
0.3076923076923077 -0.10671936758893286
0.3092948717948718 -0.10079051383399207
0.3076923076923077 -0.09288537549407117
0.3076923076923077 -0.09881422924901184
0.3012820512820513 -0.10869565217391308
0.3012820512820513 -0.11857707509881421
0.29647435897435903 -0.11857707509881421
0.2996794871794872 -0.10869565217391308
0.2996794871794872 -0.10474308300395252
0.29807692307692313 -0.11264822134387353
0.29487179487179493 -0.12055335968379444
0.28846153846153855 -0.12648221343873522
0.28525641025641035 -0.12450592885375489
0.28205128205128216 -0.11264822134387353
0.29166666666666674 -0.11264822134387353
0.28525641025641035 -0.11857707509881421
0.28205128205128216 -0.13438735177865613
0.27884615384615374 -0.13636363636363635
0.27724358974358965 -0.12648221343873522
0.28044871794871784 -0.11857707509881421
0.27884615384615374 -0.11857707509881421
0.27403846153846145 -0.12845849802371545
0.27083333333333326 -0.13438735177865613
0.27243589743589736 -0.14229249011857703
0.26923076923076916 -0.14229249011857703
0.27403846153846145 -0.1324110671936759
0.27403846153846145 -0.12845849802371545
0.27243589743589736 -0.13833992094861658
0.27083333333333326 -0.1462450592885376
0.2612179487179487 -0.15019762845849804
0.26442307692307687 -0.14822134387351782
0.26442307692307687 -0.13833992094861658
0.26442307692307687 -0.13636363636363635
0.26442307692307687 -0.14229249011857703
0.2580128205128205 -0.15612648221343872
0.2532051282051282 -0.16007905138339917
0.2516025641025641 -0.15810276679841895
0.2564102564102564 -0.15019762845849804
0.2564102564102564 -0.14822134387351782
0.2548076923076923 -0.1541501976284585
0.25 -0.16403162055335974
0.24038461538461542 -0.1679841897233202
0.2435897435897436 -0.17391304347826086
0.2451923076923077 -0.16403162055335974
0.2451923076923077 -0.16007905138339917
0.2435897435897436 -0.1620553359683794
0.23878205128205132 -0.1699604743083004
0.23397435897435903 -0.17391304347826086
0.23397435897435903 -0.18181818181818177
0.23397435897435903 -0.1758893280632411
0.23717948717948723 -0.17193675889328064
0.23717948717948723 -0.1679841897233202
0.22756410256410264 -0.1758893280632411
0.22435897435897445 -0.1837944664031621
0.22115384615384626 -0.18972332015810278
0.22435897435897445 -0.18577075098814233
0.22596153846153855 -0.17786561264822132
0.22275641025641035 -0.17984189723320154
0.21474358974358965 -0.18577075098814233
0.21153846153846145 -0.191699604743083
0.20993589743589736 -0.18972332015810278
0.21153846153846145 -0.18774703557312256
0.21474358974358965 -0.18577075098814233
0.21634615384615374 -0.18774703557312256
0.21314102564102555 -0.191699604743083
0.20512820512820507 -0.19367588932806323
0.20833333333333326 -0.1996047430830039
0.20512820512820507 -0.18774703557312256
0.20673076923076916 -0.18774703557312256
0.20673076923076916 -0.1837944664031621
0.20352564102564097 -0.18972332015810278
0.20192307692307687 -0.19762845849802368
0.20192307692307687 -0.20355731225296447
0.20352564102564097 -0.19762845849802368
0.20673076923076916 -0.19367588932806323
0.20352564102564097 -0.19367588932806323
0.20352564102564097 -0.19762845849802368
0.19711538461538458 -0.1996047430830039
0.19711538461538458 -0.19565217391304346
0.20192307692307687 -0.19565217391304346
0.19871794871794868 -0.19367588932806323
0.20032051282051277 -0.19367588932806323
0.19551282051282048 -0.19565217391304346
0.19711538461538458 -0.19565217391304346
0.19551282051282048 -0.20158102766798414
0.1939102564102564 -0.19762845849802368
0.20352564102564097 -0.19762845849802368
0.19871794871794868 -0.19367588932806323
0.1923076923076923 -0.19565217391304346
0.19551282051282048 -0.19367588932806323
0.19711538461538458 -0.20158102766798414
0.19711538461538458 -0.19762845849802368
0.20032051282051277 -0.19367588932806323
0.19711538461538458 -0.191699604743083
0.19711538461538458 -0.191699604743083
0.1939102564102564 -0.19565217391304346
0.19551282051282048 -0.19367588932806323
0.19711538461538458 -0.19565217391304346
0.20032051282051277 -0.19565217391304346
0.19711538461538458 -0.19367588932806323
0.1939102564102564 -0.19367588932806323
0.1907051282051282 -0.19565217391304346
0.1907051282051282 -0.18972332015810278
0.1939102564102564 -0.19565217391304346
0.19551282051282048 -0.18972332015810278
0.20032051282051277 -0.18774703557312256
0.19711538461538458 -0.1837944664031621
0.19711538461538458 -0.18181818181818177
0.19711538461538458 -0.17984189723320154
0.20512820512820507 -0.1758893280632411
0.20993589743589736 -0.17786561264822132
0.20993589743589736 -0.1758893280632411
0.20352564102564097 -0.1758893280632411
0.20512820512820507 -0.17984189723320154
0.20192307692307687 -0.17391304347826086
0.20352564102564097 -0.17984189723320154
0.20833333333333326 -0.18181818181818177
0.20352564102564097 -0.18972332015810278
0.20352564102564097 -0.18774703557312256
0.20032051282051277 -0.1837944664031621
0.1939102564102564 -0.1837944664031621
0.20192307692307687 -0.18774703557312256
0.20192307692307687 -0.18972332015810278
0.20192307692307687 -0.18972332015810278
0.19711538461538458 -0.191699604743083
0.1891025641025641 -0.19565217391304346
0.1891025641025641 -0.19762845849802368
0.1939102564102564 -0.20158102766798414
0.19551282051282048 -0.20355731225296447
0.19711538461538458 -0.21146245059288538
0.1891025641025641 -0.21541501976284583
0.1875 -0.21146245059288538
0.1875 -0.20948616600790515
0.1907051282051282 -0.2055335968379447
0.1939102564102564 -0.2055335968379447
0.1907051282051282 -0.2055335968379447
0.1939102564102564 -0.2055335968379447
0.1907051282051282 -0.2055335968379447
0.1907051282051282 -0.20158102766798414
0.1923076923076923 -0.1996047430830039
0.19711538461538458 -0.20750988142292492
0.1923076923076923 -0.2055335968379447
0.1923076923076923 -0.20355731225296447
0.1891025641025641 -0.20158102766798414
0.1907051282051282 -0.19565217391304346
0.1923076923076923 -0.191699604743083
0.19551282051282048 -0.19565217391304346
0.1907051282051282 -0.20355731225296447
0.1891025641025641 -0.20750988142292492
0.1875 -0.19762845849802368
0.1891025641025641 -0.1996047430830039
0.1939102564102564 -0.19762845849802368
0.1939102564102564 -0.1996047430830039
0.19711538461538458 -0.20750988142292492
0.1923076923076923 -0.20750988142292492
0.1891025641025641 -0.20355731225296447
0.1842948717948718 -0.19762845849802368
0.1858974358974359 -0.19367588932806323
0.1923076923076923 -0.20355731225296447
0.1939102564102564 -0.2055335968379447
0.1923076923076923 -0.20948616600790515
0.1907051282051282 -0.20355731225296447
0.1891025641025641 -0.19367588932806323
0.1891025641025641 -0.19367588932806323
0.1923076923076923 -0.19762845849802368
0.1923076923076923 -0.20355731225296447
0.1907051282051282 -0.20750988142292492
0.1858974358974359 -0.20750988142292492
0.1858974358974359 -0.19762845849802368
0.1891025641025641 -0.18774703557312256
0.19551282051282048 -0.19367588932806323
0.1907051282051282 -0.2055335968379447
0.1907051282051282 -0.20750988142292492
0.1858974358974359 -0.20750988142292492
0.1907051282051282 -0.20158102766798414
0.1875 -0.191699604743083
0.1939102564102564 -0.191699604743083
0.1907051282051282 -0.20355731225296447
0.1891025641025641 -0.20750988142292492
0.1858974358974359 -0.20750988142292492
0.1858974358974359 -0.19762845849802368
0.1939102564102564 -0.18972332015810278
0.19551282051282048 -0.19367588932806323
0.1939102564102564 -0.20158102766798414
0.1923076923076923 -0.20750988142292492
0.1858974358974359 -0.20948616600790515
0.1923076923076923 -0.20355731225296447
0.1939102564102564 -0.18972332015810278
0.19871794871794868 -0.18972332015810278
0.20032051282051277 -0.19762845849802368
0.19551282051282048 -0.21146245059288538
0.1923076923076923 -0.20948616600790515
0.19711538461538458 -0.1996047430830039
0.20032051282051277 -0.191699604743083
0.20833333333333326 -0.191699604743083
0.20512820512820507 -0.19762845849802368
0.20192307692307687 -0.20948616600790515
0.20032051282051277 -0.20948616600790515
0.20192307692307687 -0.20158102766798414
0.19551282051282048 -0.18972332015810278
0.1858974358974359 -0.18972332015810278
0.17788461538461542 -0.20948616600790515
0.17147435897435903 -0.22529644268774707
0.15544871794871784 -0.23715415019762842
0.14583333333333326 -0.2351778656126482
0.13942307692307687 -0.24110671936758898
0.13621794871794868 -0.2509881422924901
0.11858974358974361 -0.26877470355731226
0.09134615384615374 -0.2924901185770751
0.0641025641025641 -0.31225296442687744
0.044871794871794934 -0.33399209486166004
0.044871794871794934 -0.35573122529644263
0.02564102564102555 -0.39328063241106714
-0.004807692307692291 -0.42292490118577075
-0.04487179487179482 -0.4486166007905138
-0.09294871794871795 -0.4624505928853755
-0.14743589743589747 -0.45849802371541504
-0.1939102564102564 -0.450592885375494
-0.21955128205128205 -0.43083003952569165
-0.21314102564102566 -0.4209486166007905
-0.19711538461538458 -0.4169960474308301
-0.1875 -0.4031620553359684
-0.17147435897435892 -0.3735177865612648
-0.14102564102564108 -0.3320158102766798
-0.11378205128205132 -0.2944664031620553
-0.08974358974358976 -0.26086956521739135
-0.06730769230769229 -0.23320158102766797
-0.038461538461538436 -0.2134387351778656
-0.014423076923076872 -0.17786561264822132
0.009615384615384581 -0.12450592885375489
0.033653846153846256 -0.09486166007905139
0.054487179487179516 -0.0731225296442688
0.0625 -0.06916996047430835
0.07532051282051277 -0.06916996047430835
0.09134615384615374 -0.06916996047430835
0.11698717948717952 -0.06916996047430835
0.14583333333333326 -0.07509881422924902
0.16987179487179493 -0.08695652173913049
0.1875 -0.11067193675889331
0.20032051282051277 -0.13438735177865613
0.21153846153846145 -0.14426877470355737
0.22275641025641035 -0.1462450592885376
0.22916666666666674 -0.1403162055335968
0.22756410256410264 -0.1462450592885376
0.22596153846153855 -0.16007905138339917
0.22275641025641035 -0.1699604743083004
0.22435897435897445 -0.16600790513833996
0.22596153846153855 -0.15612648221343872
0.22916666666666674 -0.15217391304347827
0.22916666666666674 -0.15810276679841895
0.22756410256410264 -0.16600790513833996
0.22435897435897445 -0.1679841897233202
0.22435897435897445 -0.1699604743083004
0.22916666666666674 -0.16403162055335974
0.23557692307692313 -0.15612648221343872
0.23237179487179493 -0.15217391304347827
0.23076923076923084 -0.16403162055335974
0.22916666666666674 -0.1699604743083004
0.22756410256410264 -0.1679841897233202
0.23717948717948723 -0.16403162055335974
0.23878205128205132 -0.16403162055335974
0.23878205128205132 -0.16007905138339917
0.23076923076923084 -0.16403162055335974
0.23237179487179493 -0.1679841897233202
0.23397435897435903 -0.1699604743083004
0.24038461538461542 -0.1679841897233202
0.2467948717948718 -0.16600790513833996
0.2467948717948718 -0.15810276679841895
0.24038461538461542 -0.16007905138339917
0.24038461538461542 -0.1679841897233202
0.23878205128205132 -0.16403162055335974
0.2451923076923077 -0.16007905138339917
0.2483974358974359 -0.16403162055335974
0.2467948717948718 -0.15612648221343872
0.2451923076923077 -0.16007905138339917
0.2451923076923077 -0.16007905138339917
0.2483974358974359 -0.16403162055335974
0.2548076923076923 -0.15810276679841895
0.2612179487179487 -0.1541501976284585
0.2580128205128205 -0.15612648221343872
0.2548076923076923 -0.15217391304347827
0.2548076923076923 -0.15612648221343872
0.2596153846153846 -0.15810276679841895
0.26442307692307687 -0.15810276679841895
0.26602564102564097 -0.15810276679841895
0.26602564102564097 -0.1541501976284585
0.26602564102564097 -0.15217391304347827
0.26442307692307687 -0.15217391304347827
0.26762820512820507 -0.14426877470355737
0.27243589743589736 -0.15217391304347827
0.27564102564102555 -0.14822134387351782
0.27724358974358965 -0.14822134387351782
0.27564102564102555 -0.1462450592885376
0.27403846153846145 -0.14822134387351782
0.27564102564102555 -0.1462450592885376
0.28365384615384626 -0.1462450592885376
0.28685897435897445 -0.14229249011857703
0.29006410256410264 -0.1403162055335968
0.28685897435897445 -0.13636363636363635
0.29166666666666674 -0.1324110671936759
0.29166666666666674 -0.12450592885375489
0.2996794871794872 -0.1324110671936759
0.3060897435897436 -0.13438735177865613
0.3060897435897436 -0.13438735177865613
0.3060897435897436 -0.12845849802371545
0.3044871794871795 -0.12648221343873522
0.3092948717948718 -0.12055335968379444
0.3125 -0.11857707509881421
0.3108974358974359 -0.12252964426877466
0.3157051282051282 -0.11857707509881421
0.3205128205128205 -0.12055335968379444
0.3205128205128205 -0.11067193675889331
0.3237179487179487 -0.10671936758893286
0.32852564102564097 -0.10671936758893286
0.32852564102564097 -0.11067193675889331
0.33173076923076916 -0.11067193675889331
0.33333333333333326 -0.11067193675889331
0.32852564102564097 -0.1027667984189723
0.33333333333333326 -0.09288537549407117
0.33814102564102555 -0.09683794466403162
0.33974358974358965 -0.10079051383399207
0.34134615384615374 -0.10079051383399207
0.34134615384615374 -0.1027667984189723
0.33974358974358965 -0.09683794466403162
0.34134615384615374 -0.08695652173913049
0.34615384615384626 -0.08300395256916993
0.35096153846153855 -0.08695652173913049
0.35096153846153855 -0.09486166007905139
0.34935897435897445 -0.10079051383399207
0.34615384615384626 -0.08498023715415015
0.33974358974358965 -0.07905138339920947
0.34935897435897445 -0.07509881422924902
0.35256410256410264 -0.07905138339920947
0.35256410256410264 -0.08893280632411071
0.35416666666666674 -0.09486166007905139
0.35096153846153855 -0.08695652173913049
0.34775641025641035 -0.07905138339920947
0.35096153846153855 -0.07114624505928857
0.35096153846153855 -0.07707509881422925
0.34935897435897445 -0.08300395256916993
0.34455128205128216 -0.09486166007905139
0.34615384615384626 -0.09683794466403162
0.34775641025641035 -0.08498023715415015
0.34615384615384626 -0.07707509881422925
0.35256410256410264 -0.07905138339920947
0.34294871794871784 -0.08893280632411071
0.34615384615384626 -0.09683794466403162
0.33814102564102555 -0.09683794466403162
0.33974358974358965 -0.08893280632411071
0.34134615384615374 -0.0810276679841897
0.34134615384615374 -0.08498023715415015
0.33974358974358965 -0.09288537549407117
0.33493589743589736 -0.1027667984189723
0.33333333333333326 -0.10474308300395252
0.33493589743589736 -0.09881422924901184
0.33653846153846145 -0.09090909090909094
0.33653846153846145 -0.08893280632411071
0.33173076923076916 -0.09288537549407117
0.32852564102564097 -0.10671936758893286
0.3221153846153846 -0.11264822134387353
0.3237179487179487 -0.10869565217391308
0.3237179487179487 -0.09683794466403162
0.32692307692307687 -0.09683794466403162
0.3205128205128205 -0.1027667984189723
0.3189102564102564 -0.11462450592885376
0.3141025641025641 -0.11264822134387353
0.3141025641025641 -0.11660079051383399
0.3141025641025641 -0.11067193675889331
0.3173076923076923 -0.10869565217391308
0.3125 -0.11067193675889331
0.3060897435897436 -0.11857707509881421
0.3012820512820513 -0.12252964426877466
0.3012820512820513 -0.12845849802371545
0.3012820512820513 -0.12450592885375489
0.3060897435897436 -0.11264822134387353
0.3012820512820513 -0.11857707509881421
0.29487179487179493 -0.12252964426877466
0.29326923076923084 -0.13043478260869568
0.29006410256410264 -0.1324110671936759
0.29807692307692313 -0.13043478260869568
0.29487179487179493 -0.12648221343873522
0.29166666666666674 -0.12845849802371545
0.28685897435897445 -0.13043478260869568
0.27884615384615374 -0.14229249011857703
0.28365384615384626 -0.13833992094861658
0.28685897435897445 -0.1403162055335968
0.28525641025641035 -0.13438735177865613
0.28365384615384626 -0.13438735177865613
0.28205128205128216 -0.1403162055335968
0.27724358974358965 -0.14822134387351782
0.27724358974358965 -0.15019762845849804
0.27564102564102555 -0.14822134387351782
0.27243589743589736 -0.1462450592885376
0.27564102564102555 -0.15019762845849804
0.27243589743589736 -0.1462450592885376
0.26602564102564097 -0.16007905138339917
0.26602564102564097 -0.15810276679841895
0.26762820512820507 -0.16007905138339917
0.26923076923076916 -0.15612648221343872
0.26602564102564097 -0.15612648221343872
0.2612179487179487 -0.1620553359683794
0.2580128205128205 -0.1620553359683794
0.2548076923076923 -0.1679841897233202
0.2548076923076923 -0.1679841897233202
0.2548076923076923 -0.1699604743083004
0.2532051282051282 -0.17193675889328064
0.2532051282051282 -0.17193675889328064
0.2467948717948718 -0.17391304347826086
0.2435897435897436 -0.17786561264822132
0.2451923076923077 -0.17984189723320154
0.2483974358974359 -0.18577075098814233
0.2451923076923077 -0.17984189723320154
0.23717948717948723 -0.1837944664031621
0.23557692307692313 -0.1837944664031621
0.23076923076923084 -0.18181818181818177
0.23397435897435903 -0.18577075098814233
0.23076923076923084 -0.191699604743083
0.23557692307692313 -0.191699604743083
0.23076923076923084 -0.18972332015810278
0.22115384615384626 -0.191699604743083
0.22115384615384626 -0.18972332015810278
0.21955128205128216 -0.19367588932806323
0.22756410256410264 -0.19762845849802368
0.22115384615384626 -0.19762845849802368
0.21794871794871784 -0.19565217391304346
0.21474358974358965 -0.19367588932806323
0.21474358974358965 -0.19565217391304346
0.21634615384615374 -0.1996047430830039
0.21634615384615374 -0.1996047430830039
0.21474358974358965 -0.2055335968379447
0.20993589743589736 -0.20355731225296447
0.20673076923076916 -0.2055335968379447
0.20673076923076916 -0.20158102766798414
0.20993589743589736 -0.20948616600790515
0.20993589743589736 -0.20948616600790515
0.20512820512820507 -0.21146245059288538
0.20192307692307687 -0.20750988142292492
0.20032051282051277 -0.20750988142292492
0.19871794871794868 -0.2055335968379447
0.19871794871794868 -0.20355731225296447
0.20032051282051277 -0.20948616600790515
0.20032051282051277 -0.20948616600790515
0.1939102564102564 -0.20948616600790515
0.19551282051282048 -0.2055335968379447
0.19551282051282048 -0.20355731225296447
0.20032051282051277 -0.20948616600790515
0.20192307692307687 -0.21146245059288538
0.19711538461538458 -0.20948616600790515
0.19551282051282048 -0.2134387351778656
0.1891025641025641 -0.20750988142292492
0.1923076923076923 -0.20948616600790515
0.19551282051282048 -0.20948616600790515
0.19711538461538458 -0.21541501976284583
0.19551282051282048 -0.21541501976284583
0.1907051282051282 -0.21541501976284583
0.1891025641025641 -0.21146245059288538
0.1875 -0.20948616600790515
0.1891025641025641 -0.20948616600790515
0.1907051282051282 -0.21936758893280628
0.1923076923076923 -0.22134387351778662
0.1875 -0.21739130434782605
0.1891025641025641 -0.21146245059288538
0.1907051282051282 -0.2055335968379447
0.1923076923076923 -0.2055335968379447
0.1923076923076923 -0.2134387351778656
0.1923076923076923 -0.2134387351778656
0.1875 -0.21739130434782605
0.1810897435897436 -0.20750988142292492
0.1875 -0.20158102766798414
0.1875 -0.20355731225296447
0.1907051282051282 -0.20750988142292492
0.1923076923076923 -0.20948616600790515
0.1923076923076923 -0.20750988142292492
0.1907051282051282 -0.19565217391304346
0.19551282051282048 -0.191699604743083
0.19871794871794868 -0.191699604743083
0.20192307692307687 -0.19565217391304346
0.20032051282051277 -0.1996047430830039
0.1939102564102564 -0.19565217391304346
0.1891025641025641 -0.191699604743083
0.1939102564102564 -0.19367588932806323
0.19871794871794868 -0.19565217391304346
0.20192307692307687 -0.20355731225296447
0.19711538461538458 -0.21146245059288538
0.1923076923076923 -0.2055335968379447
0.1907051282051282 -0.2055335968379447
0.1907051282051282 -0.2055335968379447
0.1923076923076923 -0.20948616600790515
0.19551282051282048 -0.21146245059288538
0.1923076923076923 -0.21146245059288538
0.1891025641025641 -0.21541501976284583
0.1858974358974359 -0.21739130434782605
0.1826923076923077 -0.21739130434782605
0.17948717948717952 -0.21541501976284583
0.1858974358974359 -0.22529644268774707
0.1810897435897436 -0.22529644268774707
0.17788461538461542 -0.22332015810276684
0.17788461538461542 -0.22332015810276684
0.17628205128205132 -0.22332015810276684
0.1842948717948718 -0.21936758893280628
0.1875 -0.22134387351778662
0.1810897435897436 -0.22134387351778662
0.17628205128205132 -0.21936758893280628
0.1810897435897436 -0.21541501976284583
0.17948717948717952 -0.21146245059288538
0.17948717948717952 -0.21541501976284583
0.1810897435897436 -0.22134387351778662
0.17948717948717952 -0.21739130434782605
0.17948717948717952 -0.21739130434782605
0.17628205128205132 -0.2134387351778656
0.17948717948717952 -0.20948616600790515
0.17788461538461542 -0.20948616600790515
0.1826923076923077 -0.2134387351778656
0.17788461538461542 -0.22529644268774707
0.17788461538461542 -0.21146245059288538
0.17147435897435903 -0.21146245059288538
0.17628205128205132 -0.20948616600790515
0.17788461538461542 -0.20750988142292492
0.17628205128205132 -0.21541501976284583
0.1810897435897436 -0.22134387351778662
0.17628205128205132 -0.21936758893280628
0.17467948717948723 -0.2134387351778656
0.17628205128205132 -0.21146245059288538
0.17948717948717952 -0.2134387351778656
0.17948717948717952 -0.2134387351778656
0.1826923076923077 -0.21739130434782605
0.17628205128205132 -0.22332015810276684
0.17147435897435903 -0.2134387351778656
0.17147435897435903 -0.20948616600790515
0.17147435897435903 -0.20948616600790515
0.1810897435897436 -0.21936758893280628
0.17788461538461542 -0.21541501976284583
0.17628205128205132 -0.21146245059288538
0.17307692307692313 -0.20948616600790515
0.17467948717948723 -0.20948616600790515
0.17467948717948723 -0.20948616600790515
0.17948717948717952 -0.21739130434782605
0.17948717948717952 -0.21541501976284583
0.17788461538461542 -0.21541501976284583
0.17147435897435903 -0.2134387351778656
0.16987179487179493 -0.20948616600790515
0.17147435897435903 -0.21146245059288538
0.17788461538461542 -0.21146245059288538
0.17948717948717952 -0.21541501976284583
0.17628205128205132 -0.21739130434782605
0.17307692307692313 -0.2134387351778656
0.17307692307692313 -0.21146245059288538
0.17628205128205132 -0.21541501976284583
0.1826923076923077 -0.21739130434782605
0.1810897435897436 -0.21541501976284583
0.17948717948717952 -0.20750988142292492
0.17948717948717952 -0.2055335968379447
0.17788461538461542 -0.20948616600790515
0.1826923076923077 -0.20750988142292492
0.1891025641025641 -0.21146245059288538
0.1891025641025641 -0.20948616600790515
0.1875 -0.21146245059288538
0.1842948717948718 -0.2055335968379447
0.1858974358974359 -0.20750988142292492
0.1891025641025641 -0.20948616600790515
0.1826923076923077 -0.21146245059288538
0.17467948717948723 -0.2134387351778656
0.16506410256410264 -0.21936758893280628
0.15865384615384626 -0.22134387351778662
0.15224358974358965 -0.23122529644268774
0.14102564102564097 -0.23913043478260865
0.13461538461538458 -0.25494071146245056
0.11858974358974361 -0.26877470355731226
0.10416666666666674 -0.28260869565217395
0.07692307692307687 -0.2924901185770751
0.049679487179487225 -0.3162055335968379
0.03205128205128216 -0.3458498023715415
0.022435897435897356 -0.3893280632411067
-0.0032051282051281937 -0.4268774703557312
-0.04166666666666663 -0.4486166007905138
-0.09134615384615385 -0.4624505928853755
-0.14583333333333337 -0.46640316205533594
-0.20192307692307687 -0.4644268774703557
-0.23397435897435892 -0.45256916996047436
-0.23397435897435892 -0.4426877470355731
-0.22115384615384615 -0.42885375494071143
-0.20673076923076927 -0.40909090909090906
-0.1891025641025641 -0.3814229249011858
-0.16346153846153844 -0.34782608695652173
-0.13942307692307687 -0.3221343873517787
-0.11378205128205132 -0.2806324110671937
-0.09294871794871795 -0.24505928853754944
-0.0625 -0.2134387351778656
-0.03525641025641024 -0.17391304347826086
-0.012820512820512775 -0.1403162055335968
0.014423076923076872 -0.11067193675889331
0.03205128205128216 -0.09288537549407117
0.04166666666666674 -0.07707509881422925
0.054487179487179516 -0.07114624505928857
0.07532051282051277 -0.07509881422924902
0.09935897435897445 -0.08498023715415015
0.1282051282051282 -0.09288537549407117
0.15224358974358965 -0.10079051383399207
0.17467948717948723 -0.11660079051383399
0.1842948717948718 -0.1324110671936759
0.1939102564102564 -0.14822134387351782
0.20032051282051277 -0.1541501976284585
0.20833333333333326 -0.15810276679841895
0.20352564102564097 -0.1620553359683794
0.20352564102564097 -0.16007905138339917
0.20192307692307687 -0.16600790513833996
0.20512820512820507 -0.17391304347826086
0.20833333333333326 -0.1758893280632411
0.21153846153846145 -0.17193675889328064
0.21314102564102555 -0.17193675889328064
0.20833333333333326 -0.1679841897233202
0.20993589743589736 -0.17391304347826086
0.20833333333333326 -0.18181818181818177
0.21634615384615374 -0.17391304347826086
0.21794871794871784 -0.1758893280632411
0.21955128205128216 -0.1699604743083004
0.21474358974358965 -0.17193675889328064
0.21153846153846145 -0.17786561264822132
0.21634615384615374 -0.17984189723320154
0.22115384615384626 -0.17391304347826086
0.22275641025641035 -0.17391304347826086
0.22275641025641035 -0.17193675889328064
0.22115384615384626 -0.17786561264822132
0.21794871794871784 -0.17984189723320154
0.22115384615384626 -0.1758893280632411
0.22596153846153855 -0.17786561264822132
0.22756410256410264 -0.17391304347826086
0.22756410256410264 -0.17391304347826086
0.22756410256410264 -0.1758893280632411
0.22756410256410264 -0.17984189723320154
0.22916666666666674 -0.17786561264822132
0.23237179487179493 -0.17391304347826086
0.23557692307692313 -0.17391304347826086
0.23397435897435903 -0.1679841897233202
0.23557692307692313 -0.17391304347826086
0.23717948717948723 -0.17786561264822132
0.23878205128205132 -0.1758893280632411
0.2467948717948718 -0.1679841897233202
0.2467948717948718 -0.16403162055335974
0.2435897435897436 -0.16403162055335974
0.24038461538461542 -0.16403162055335974
0.24198717948717952 -0.1699604743083004
0.2451923076923077 -0.1699604743083004
0.2532051282051282 -0.16403162055335974
0.2516025641025641 -0.15810276679841895
0.2580128205128205 -0.15217391304347827
0.2564102564102564 -0.16007905138339917
0.2564102564102564 -0.16403162055335974
0.2596153846153846 -0.16007905138339917
0.26762820512820507 -0.15612648221343872
0.27083333333333326 -0.14822134387351782
0.26923076923076916 -0.14822134387351782
0.26602564102564097 -0.15019762845849804
0.26923076923076916 -0.15217391304347827
0.27243589743589736 -0.1541501976284585
0.27884615384615374 -0.14426877470355737
0.28365384615384626 -0.14229249011857703
0.28525641025641035 -0.1403162055335968
0.28205128205128216 -0.13833992094861658
0.28205128205128216 -0.14426877470355737
0.28685897435897445 -0.13636363636363635
0.29166666666666674 -0.13636363636363635
0.29807692307692313 -0.1324110671936759
0.29487179487179493 -0.12845849802371545
0.29487179487179493 -0.1324110671936759
0.29807692307692313 -0.13043478260869568
0.3012820512820513 -0.1324110671936759
0.3060897435897436 -0.12252964426877466
0.3108974358974359 -0.12055335968379444
0.3092948717948718 -0.11660079051383399
0.3076923076923077 -0.11857707509881421
0.3141025641025641 -0.12252964426877466
0.3141025641025641 -0.11660079051383399
0.3237179487179487 -0.10869565217391308
0.32852564102564097 -0.10671936758893286
0.32852564102564097 -0.09881422924901184
0.32692307692307687 -0.11067193675889331
0.33012820512820507 -0.11067193675889331
0.32852564102564097 -0.10869565217391308
0.33814102564102555 -0.09881422924901184
0.33974358974358965 -0.09683794466403162
0.33974358974358965 -0.09486166007905139
0.33653846153846145 -0.09881422924901184
0.33173076923076916 -0.10079051383399207
0.33493589743589736 -0.10474308300395252
0.34134615384615374 -0.09288537549407117
0.34615384615384626 -0.09090909090909094
0.33814102564102555 -0.09288537549407117
0.33814102564102555 -0.09881422924901184
0.33974358974358965 -0.1027667984189723
0.34134615384615374 -0.10079051383399207
0.33814102564102555 -0.09090909090909094
0.34134615384615374 -0.08498023715415015
0.34134615384615374 -0.09288537549407117
0.33974358974358965 -0.09881422924901184
0.33653846153846145 -0.10474308300395252
0.33814102564102555 -0.10474308300395252
0.33653846153846145 -0.09683794466403162
0.33814102564102555 -0.08893280632411071
0.33333333333333326 -0.09486166007905139
0.33012820512820507 -0.10474308300395252
0.33012820512820507 -0.10474308300395252
0.33173076923076916 -0.11067193675889331
0.33173076923076916 -0.10671936758893286
0.32852564102564097 -0.10079051383399207
0.32692307692307687 -0.09881422924901184
0.32852564102564097 -0.10869565217391308
0.3237179487179487 -0.11264822134387353
0.3205128205128205 -0.11660079051383399
0.3221153846153846 -0.11462450592885376
0.3221153846153846 -0.10671936758893286
0.3189102564102564 -0.11067193675889331
0.3108974358974359 -0.11660079051383399
0.3108974358974359 -0.12055335968379444
0.3108974358974359 -0.13043478260869568
0.3141025641025641 -0.12055335968379444
0.3141025641025641 -0.11462450592885376
0.3141025641025641 -0.12055335968379444
0.3028846153846154 -0.12252964426877466
0.29647435897435903 -0.1324110671936759
0.2996794871794872 -0.13833992094861658
0.3060897435897436 -0.12845849802371545
0.3012820512820513 -0.12648221343873522
0.29326923076923084 -0.12648221343873522
0.29166666666666674 -0.13438735177865613
0.29166666666666674 -0.1403162055335968
0.29006410256410264 -0.13833992094861658
0.29166666666666674 -0.13833992094861658
0.29487179487179493 -0.1324110671936759
0.29326923076923084 -0.1324110671936759
0.28525641025641035 -0.13833992094861658
0.28044871794871784 -0.14426877470355737
0.28365384615384626 -0.1403162055335968
0.28525641025641035 -0.14822134387351782
0.28525641025641035 -0.14426877470355737
0.28525641025641035 -0.1462450592885376
0.28044871794871784 -0.14822134387351782
0.27724358974358965 -0.15810276679841895
0.27564102564102555 -0.16007905138339917
0.27724358974358965 -0.16007905138339917
0.28044871794871784 -0.15810276679841895
0.27564102564102555 -0.1541501976284585
0.27243589743589736 -0.16007905138339917
0.27083333333333326 -0.16403162055335974
0.26923076923076916 -0.1699604743083004
0.27243589743589736 -0.16600790513833996
0.27403846153846145 -0.16600790513833996
0.26602564102564097 -0.1620553359683794
0.2612179487179487 -0.1699604743083004
0.2580128205128205 -0.18181818181818177
0.2580128205128205 -0.18181818181818177
0.2564102564102564 -0.17786561264822132
0.2612179487179487 -0.17984189723320154
0.2564102564102564 -0.1758893280632411
0.25 -0.18577075098814233
0.2483974358974359 -0.18577075098814233
0.2451923076923077 -0.191699604743083
0.2435897435897436 -0.191699604743083
0.2516025641025641 -0.18972332015810278
0.2483974358974359 -0.18774703557312256
0.2435897435897436 -0.19565217391304346
0.24038461538461542 -0.20355731225296447
0.23557692307692313 -0.20158102766798414
0.23717948717948723 -0.19762845849802368
0.23878205128205132 -0.19762845849802368
0.23237179487179493 -0.19762845849802368
0.22756410256410264 -0.2055335968379447
0.22115384615384626 -0.2134387351778656
0.22435897435897445 -0.2134387351778656
0.22756410256410264 -0.20948616600790515
0.22916666666666674 -0.20750988142292492
0.22756410256410264 -0.20948616600790515
0.21955128205128216 -0.21146245059288538
0.21634615384615374 -0.21541501976284583
0.21474358974358965 -0.21936758893280628
0.21634615384615374 -0.2134387351778656
0.21794871794871784 -0.21739130434782605
0.21314102564102555 -0.21541501976284583
0.20673076923076916 -0.21936758893280628
0.20352564102564097 -0.22134387351778662
0.20352564102564097 -0.2272727272727273
0.20673076923076916 -0.22332015810276684
0.20673076923076916 -0.22134387351778662
0.20192307692307687 -0.21541501976284583
0.20032051282051277 -0.22134387351778662
0.19871794871794868 -0.22332015810276684
0.19711538461538458 -0.22924901185770752
0.19551282051282048 -0.2272727272727273
0.19711538461538458 -0.22529644268774707
0.20032051282051277 -0.22332015810276684
0.1939102564102564 -0.2272727272727273
0.1891025641025641 -0.2351778656126482
0.1907051282051282 -0.23122529644268774
0.1939102564102564 -0.22332015810276684
0.1939102564102564 -0.2272727272727273
0.1907051282051282 -0.22332015810276684
0.1891025641025641 -0.2272727272727273
0.1891025641025641 -0.23320158102766797
0.1858974358974359 -0.23913043478260865
0.1875 -0.23122529644268774
0.19551282051282048 -0.2272727272727273
0.1907051282051282 -0.22134387351778662
0.1875 -0.22924901185770752
0.1891025641025641 -0.2351778656126482
0.1858974358974359 -0.2351778656126482
0.1923076923076923 -0.23122529644268774
0.1907051282051282 -0.2272727272727273
0.1858974358974359 -0.22924901185770752
0.1875 -0.22332015810276684
0.1826923076923077 -0.2272727272727273
0.1826923076923077 -0.23122529644268774
0.1875 -0.22924901185770752
0.1891025641025641 -0.22924901185770752
0.1875 -0.22134387351778662
0.1826923076923077 -0.22924901185770752
0.1810897435897436 -0.23122529644268774
0.1826923076923077 -0.2351778656126482
0.1858974358974359 -0.22529644268774707
0.1826923076923077 -0.22529644268774707
0.17948717948717952 -0.22332015810276684
0.1810897435897436 -0.22134387351778662
0.1826923076923077 -0.22529644268774707
0.1875 -0.22332015810276684
0.1939102564102564 -0.22134387351778662
0.20032051282051277 -0.2134387351778656
0.19871794871794868 -0.20158102766798414
0.19871794871794868 -0.21146245059288538
0.1939102564102564 -0.2134387351778656
0.19551282051282048 -0.21739130434782605
0.19711538461538458 -0.20948616600790515
0.19551282051282048 -0.20750988142292492
0.19711538461538458 -0.20948616600790515
0.1939102564102564 -0.21936758893280628
0.1939102564102564 -0.2272727272727273
0.1939102564102564 -0.22529644268774707
0.1939102564102564 -0.21936758893280628
0.19711538461538458 -0.21541501976284583
0.1939102564102564 -0.22529644268774707
0.1875 -0.23320158102766797
0.1842948717948718 -0.23913043478260865
0.1858974358974359 -0.23913043478260865
0.1875 -0.23320158102766797
0.1923076923076923 -0.22924901185770752
0.1842948717948718 -0.2351778656126482
0.17948717948717952 -0.24703557312252966
0.17788461538461542 -0.25494071146245056
0.17948717948717952 -0.2509881422924901
0.1826923076923077 -0.24110671936758898
0.1842948717948718 -0.2351778656126482
0.1842948717948718 -0.23122529644268774
0.1826923076923077 -0.24110671936758898
0.17467948717948723 -0.24505928853754944
0.1810897435897436 -0.2430830039525692
0.1842948717948718 -0.22924901185770752
0.1842948717948718 -0.2272727272727273
0.1810897435897436 -0.23320158102766797
0.17788461538461542 -0.24110671936758898
0.17628205128205132 -0.2430830039525692
0.17467948717948723 -0.2430830039525692
0.1810897435897436 -0.23122529644268774
0.1842948717948718 -0.2272727272727273
0.1826923076923077 -0.22924901185770752
0.17628205128205132 -0.23715415019762842
0.17788461538461542 -0.2430830039525692
0.17628205128205132 -0.23320158102766797
0.17788461538461542 -0.22529644268774707
0.17788461538461542 -0.22332015810276684
0.1810897435897436 -0.2351778656126482
0.17948717948717952 -0.24110671936758898
0.17628205128205132 -0.24505928853754944
0.17628205128205132 -0.23320158102766797
0.1810897435897436 -0.2272727272727273
0.1810897435897436 -0.22924901185770752
0.1810897435897436 -0.23122529644268774
0.17628205128205132 -0.24110671936758898
0.17307692307692313 -0.2430830039525692
0.17307692307692313 -0.23320158102766797
0.17628205128205132 -0.22332015810276684
0.17628205128205132 -0.22332015810276684
0.17788461538461542 -0.2272727272727273
0.17467948717948723 -0.24110671936758898
0.16987179487179493 -0.24505928853754944
0.17628205128205132 -0.23320158102766797
0.1826923076923077 -0.23122529644268774
0.1810897435897436 -0.22332015810276684
0.1810897435897436 -0.23122529644268774
0.17948717948717952 -0.23913043478260865
0.17788461538461542 -0.23913043478260865
0.17467948717948723 -0.23320158102766797
0.1810897435897436 -0.22332015810276684
0.1810897435897436 -0.22529644268774707
0.17788461538461542 -0.23320158102766797
0.17788461538461542 -0.24505928853754944
0.17147435897435903 -0.2430830039525692
0.17788461538461542 -0.22529644268774707
0.17948717948717952 -0.22134387351778662
0.1842948717948718 -0.23320158102766797
0.1810897435897436 -0.2351778656126482
0.1810897435897436 -0.23913043478260865
0.17628205128205132 -0.23320158102766797
0.1826923076923077 -0.22529644268774707
0.1826923076923077 -0.22529644268774707
0.1891025641025641 -0.2272727272727273
0.1875 -0.2351778656126482
0.1842948717948718 -0.2351778656126482
0.1826923076923077 -0.22924901185770752
0.1891025641025641 -0.22529644268774707
0.1842948717948718 -0.2272727272727273
0.17628205128205132 -0.23715415019762842
0.16506410256410264 -0.23913043478260865
0.15224358974358965 -0.2490118577075099
0.14102564102564097 -0.2509881422924901
0.1298076923076923 -0.2628458498023716
0.1217948717948718 -0.2727272727272727
0.11538461538461542 -0.2924901185770751
0.09294871794871784 -0.3162055335968379
0.0625 -0.32806324110671936
0.03525641025641035 -0.3458498023715415
0.022435897435897356 -0.3814229249011858
0.0064102564102563875 -0.42292490118577075
-0.017628205128205177 -0.4565217391304348
-0.0657051282051282 -0.4782608695652174
-0.11378205128205132 -0.48814229249011853
-0.1810897435897436 -0.4762845849802372
-0.23237179487179482 -0.47430830039525695
-0.23397435897435892 -0.4624505928853755
-0.21634615384615385 -0.450592885375494
-0.19871794871794868 -0.42292490118577075
-0.1810897435897436 -0.39328063241106714
-0.15544871794871795 -0.3596837944664032
-0.1298076923076923 -0.32608695652173914
-0.09615384615384615 -0.28260869565217395
-0.0657051282051282 -0.2509881422924901
-0.04166666666666663 -0.2134387351778656
-0.014423076923076872 -0.17193675889328064
0.004807692307692291 -0.13833992094861658
0.027243589743589647 -0.12055335968379444
0.04807692307692313 -0.09881422924901184
0.05769230769230771 -0.08695652173913049
0.07532051282051277 -0.08893280632411071
0.09455128205128216 -0.09288537549407117
0.12019230769230771 -0.11264822134387353
0.14743589743589736 -0.12450592885375489
0.17147435897435903 -0.13833992094861658
0.1842948717948718 -0.14229249011857703
0.19711538461538458 -0.1541501976284585
0.20032051282051277 -0.1699604743083004
0.20032051282051277 -0.17984189723320154
0.20352564102564097 -0.1837944664031621
0.20833333333333326 -0.1837944664031621
0.20993589743589736 -0.17984189723320154
0.20833333333333326 -0.17984189723320154
0.20512820512820507 -0.18774703557312256
0.20673076923076916 -0.191699604743083
0.20673076923076916 -0.191699604743083
0.21153846153846145 -0.18181818181818177
0.21474358974358965 -0.1837944664031621
0.21314102564102555 -0.18774703557312256
0.21314102564102555 -0.19565217391304346
0.20993589743589736 -0.1996047430830039
0.21314102564102555 -0.19367588932806323
0.21634615384615374 -0.18181818181818177
0.22115384615384626 -0.18181818181818177
0.21794871794871784 -0.18972332015810278
0.21794871794871784 -0.20158102766798414
0.21955128205128216 -0.20158102766798414
0.21955128205128216 -0.18577075098814233
0.22596153846153855 -0.17984189723320154
0.22596153846153855 -0.1837944664031621
0.22596153846153855 -0.18972332015810278
0.22275641025641035 -0.20158102766798414
0.22596153846153855 -0.19565217391304346
0.22596153846153855 -0.1837944664031621
0.23076923076923084 -0.1758893280632411
0.23397435897435903 -0.18577075098814233
0.23397435897435903 -0.18972332015810278
0.23237179487179493 -0.19367588932806323
0.23397435897435903 -0.19367588932806323
0.23717948717948723 -0.17786561264822132
0.24038461538461542 -0.17391304347826086
0.2451923076923077 -0.18181818181818177
0.2451923076923077 -0.18774703557312256
0.24198717948717952 -0.18577075098814233
0.24198717948717952 -0.18181818181818177
0.2467948717948718 -0.1758893280632411
0.2516025641025641 -0.17391304347826086
0.2564102564102564 -0.17984189723320154
0.25 -0.18181818181818177
0.2548076923076923 -0.17786561264822132
0.2548076923076923 -0.1758893280632411
0.2628205128205128 -0.1699604743083004
0.2628205128205128 -0.1699604743083004
0.27083333333333326 -0.17193675889328064
0.26762820512820507 -0.17193675889328064
0.26602564102564097 -0.1679841897233202
0.26923076923076916 -0.16403162055335974
0.27243589743589736 -0.1620553359683794
0.28205128205128216 -0.16403162055335974
0.28365384615384626 -0.16403162055335974
0.28525641025641035 -0.15810276679841895
0.28365384615384626 -0.15810276679841895
0.28685897435897445 -0.1541501976284585
0.28685897435897445 -0.15019762845849804
0.29326923076923084 -0.15019762845849804
0.29647435897435903 -0.15217391304347827
0.29807692307692313 -0.14426877470355737
0.2996794871794872 -0.14229249011857703
0.29647435897435903 -0.1403162055335968
0.2996794871794872 -0.1403162055335968
0.3076923076923077 -0.13636363636363635
0.3044871794871795 -0.1324110671936759
0.3092948717948718 -0.13438735177865613
0.3092948717948718 -0.12450592885375489
0.3092948717948718 -0.12845849802371545
0.3092948717948718 -0.12648221343873522
0.3205128205128205 -0.12055335968379444
0.3237179487179487 -0.12055335968379444
0.3221153846153846 -0.11264822134387353
0.3189102564102564 -0.11462450592885376
0.3157051282051282 -0.12055335968379444
0.3205128205128205 -0.11660079051383399
0.3253205128205128 -0.11264822134387353
0.33333333333333326 -0.10869565217391308
0.32852564102564097 -0.10474308300395252
0.32692307692307687 -0.11067193675889331
0.32852564102564097 -0.10869565217391308
0.33173076923076916 -0.11067193675889331
0.33493589743589736 -0.10671936758893286
0.34134615384615374 -0.1027667984189723
0.33814102564102555 -0.1027667984189723
0.33493589743589736 -0.10671936758893286
0.33333333333333326 -0.11462450592885376
0.33333333333333326 -0.11264822134387353
0.33814102564102555 -0.1027667984189723
0.33173076923076916 -0.09683794466403162
0.33173076923076916 -0.10474308300395252
0.32852564102564097 -0.11067193675889331
0.3221153846153846 -0.11264822134387353
0.32692307692307687 -0.11264822134387353
0.32852564102564097 -0.10474308300395252
0.3253205128205128 -0.1027667984189723
0.3237179487179487 -0.11067193675889331
0.3189102564102564 -0.12252964426877466
0.3141025641025641 -0.12450592885375489
0.3189102564102564 -0.11462450592885376
0.3221153846153846 -0.1027667984189723
0.3173076923076923 -0.10869565217391308
0.3125 -0.11660079051383399
0.3092948717948718 -0.12845849802371545
0.3060897435897436 -0.12845849802371545
0.3044871794871795 -0.13043478260869568
0.3076923076923077 -0.11660079051383399
0.3076923076923077 -0.12252964426877466
0.2996794871794872 -0.12252964426877466
0.29807692307692313 -0.13636363636363635
0.29487179487179493 -0.13636363636363635
0.29487179487179493 -0.1324110671936759
0.29647435897435903 -0.11660079051383399
0.29807692307692313 -0.12252964426877466
0.29326923076923084 -0.13438735177865613
0.28525641025641035 -0.1462450592885376
0.28525641025641035 -0.1462450592885376
0.28365384615384626 -0.13636363636363635
0.28525641025641035 -0.12845849802371545
0.28846153846153855 -0.13043478260869568
0.28525641025641035 -0.1403162055335968
0.27884615384615374 -0.1541501976284585
0.27403846153846145 -0.1541501976284585
0.27403846153846145 -0.14426877470355737
0.27243589743589736 -0.1403162055335968
0.27884615384615374 -0.1403162055335968
0.27083333333333326 -0.15019762845849804
0.26923076923076916 -0.1679841897233202
0.26762820512820507 -0.1620553359683794
0.26762820512820507 -0.15217391304347827
0.26923076923076916 -0.14822134387351782
0.27083333333333326 -0.15612648221343872
0.2612179487179487 -0.16600790513833996
0.2612179487179487 -0.17391304347826086
0.2580128205128205 -0.1679841897233202
0.2612179487179487 -0.16403162055335974
0.26442307692307687 -0.15612648221343872
0.2596153846153846 -0.1679841897233202
0.2564102564102564 -0.17786561264822132
0.2548076923076923 -0.18577075098814233
0.2532051282051282 -0.18181818181818177
0.2467948717948718 -0.1699604743083004
0.2516025641025641 -0.16600790513833996
0.2548076923076923 -0.1758893280632411
0.25 -0.18972332015810278
0.2451923076923077 -0.18577075098814233
0.23397435897435903 -0.18774703557312256
0.23717948717948723 -0.17984189723320154
0.24038461538461542 -0.1837944664031621
0.24198717948717952 -0.18774703557312256
0.23717948717948723 -0.1996047430830039
0.23076923076923084 -0.20355731225296447
0.22756410256410264 -0.19762845849802368
0.22435897435897445 -0.191699604743083
0.22756410256410264 -0.18972332015810278
0.22596153846153855 -0.19762845849802368
0.22115384615384626 -0.2055335968379447
0.21794871794871784 -0.21146245059288538
0.21314102564102555 -0.21146245059288538
0.21634615384615374 -0.20158102766798414
0.21634615384615374 -0.20158102766798414
0.21634615384615374 -0.20948616600790515
0.20993589743589736 -0.21936758893280628
0.20352564102564097 -0.22332015810276684
0.20032051282051277 -0.21739130434782605
0.20512820512820507 -0.20948616600790515
0.20512820512820507 -0.2134387351778656
0.20032051282051277 -0.22134387351778662
0.19711538461538458 -0.22529644268774707
0.1923076923076923 -0.2272727272727273
0.1923076923076923 -0.22134387351778662
0.19551282051282048 -0.21739130434782605
0.1923076923076923 -0.21936758893280628
0.1923076923076923 -0.2272727272727273
0.1939102564102564 -0.2351778656126482
0.1891025641025641 -0.23320158102766797
0.1858974358974359 -0.2272727272727273
0.1907051282051282 -0.22134387351778662
0.1858974358974359 -0.22134387351778662
0.1907051282051282 -0.22924901185770752
0.1875 -0.23715415019762842
0.1810897435897436 -0.24110671936758898
0.17467948717948723 -0.22924901185770752
0.1826923076923077 -0.2272727272727273
0.1875 -0.23122529644268774
0.1826923076923077 -0.23320158102766797
0.1842948717948718 -0.23715415019762842
0.17948717948717952 -0.23913043478260865
0.17948717948717952 -0.23320158102766797
0.17948717948717952 -0.23122529644268774
0.1826923076923077 -0.23320158102766797
0.17948717948717952 -0.23715415019762842
0.17628205128205132 -0.2430830039525692
0.17788461538461542 -0.24110671936758898
0.17307692307692313 -0.23320158102766797
0.17788461538461542 -0.23320158102766797
0.1810897435897436 -0.23320158102766797
0.1826923076923077 -0.23715415019762842
0.17948717948717952 -0.23715415019762842
0.17628205128205132 -0.23913043478260865
0.17467948717948723 -0.23122529644268774
0.17628205128205132 -0.23320158102766797
0.17788461538461542 -0.23320158102766797
0.17948717948717952 -0.23913043478260865
0.17628205128205132 -0.2351778656126482
0.17147435897435903 -0.23320158102766797
0.17467948717948723 -0.23715415019762842
0.17467948717948723 -0.23320158102766797
0.17467948717948723 -0.23122529644268774
0.17467948717948723 -0.2351778656126482
0.17147435897435903 -0.23122529644268774
0.17307692307692313 -0.2272727272727273
0.17628205128205132 -0.22332015810276684
0.1826923076923077 -0.23122529644268774
0.1842948717948718 -0.2272727272727273
0.1891025641025641 -0.22332015810276684
0.1891025641025641 -0.21541501976284583
0.1810897435897436 -0.2134387351778656
0.1826923076923077 -0.21739130434782605
0.1842948717948718 -0.22134387351778662
0.1875 -0.21541501976284583
0.1875 -0.21739130434782605
0.1842948717948718 -0.22332015810276684
0.1826923076923077 -0.22332015810276684
0.17628205128205132 -0.2272727272727273
0.17948717948717952 -0.23122529644268774
0.1810897435897436 -0.22924901185770752
0.1826923076923077 -0.23122529644268774
0.1810897435897436 -0.23320158102766797
0.17788461538461542 -0.2430830039525692
0.17307692307692313 -0.24703557312252966
0.17788461538461542 -0.2490118577075099
0.17788461538461542 -0.24505928853754944
0.17948717948717952 -0.2430830039525692
0.17628205128205132 -0.2490118577075099
0.16987179487179493 -0.25494071146245056
0.16346153846153855 -0.258893280632411
0.16025641025641035 -0.258893280632411
0.16506410256410264 -0.24505928853754944
0.17147435897435903 -0.2430830039525692
0.17467948717948723 -0.24505928853754944
0.17147435897435903 -0.2509881422924901
0.16987179487179493 -0.2509881422924901
0.17307692307692313 -0.2490118577075099
0.17307692307692313 -0.23913043478260865
0.17147435897435903 -0.24110671936758898
0.16666666666666674 -0.2430830039525692
0.16506410256410264 -0.24703557312252966
0.16185897435897445 -0.25296442687747034
0.16987179487179493 -0.2490118577075099
0.16346153846153855 -0.24505928853754944
0.16826923076923084 -0.23715415019762842
0.16666666666666674 -0.23913043478260865
0.16826923076923084 -0.25296442687747034
0.16346153846153855 -0.2509881422924901
0.16506410256410264 -0.2430830039525692
0.17307692307692313 -0.2351778656126482
0.17147435897435903 -0.23320158102766797
0.16826923076923084 -0.23715415019762842
0.16666666666666674 -0.2490118577075099
0.16346153846153855 -0.24505928853754944
0.16506410256410264 -0.2430830039525692
0.17147435897435903 -0.2351778656126482
0.17307692307692313 -0.2351778656126482
0.17467948717948723 -0.24703557312252966
0.16987179487179493 -0.25296442687747034
0.16506410256410264 -0.2509881422924901
0.16826923076923084 -0.24505928853754944
0.17307692307692313 -0.23122529644268774
0.17147435897435903 -0.23715415019762842
0.16826923076923084 -0.24703557312252966
0.16666666666666674 -0.25296442687747034
0.16506410256410264 -0.24703557312252966
0.16826923076923084 -0.23715415019762842
0.16666666666666674 -0.22924901185770752
0.16987179487179493 -0.23913043478260865
0.17147435897435903 -0.2490118577075099
0.16506410256410264 -0.24703557312252966
0.16185897435897445 -0.24505928853754944
0.16987179487179493 -0.23320158102766797
0.17147435897435903 -0.22924901185770752
0.16987179487179493 -0.23913043478260865
0.16987179487179493 -0.24505928853754944
0.16987179487179493 -0.24505928853754944
0.16666666666666674 -0.24110671936758898
0.17307692307692313 -0.23320158102766797
0.17788461538461542 -0.23320158102766797
0.1826923076923077 -0.23715415019762842
0.17948717948717952 -0.24505928853754944
0.17467948717948723 -0.24505928853754944
0.17307692307692313 -0.23913043478260865
0.17628205128205132 -0.23320158102766797
0.1842948717948718 -0.2272727272727273
0.1842948717948718 -0.2351778656126482
0.1858974358974359 -0.23913043478260865
0.1810897435897436 -0.24703557312252966
0.1842948717948718 -0.24110671936758898
0.1858974358974359 -0.23122529644268774
0.1810897435897436 -0.23122529644268774
0.17467948717948723 -0.2430830039525692
0.16506410256410264 -0.2569169960474308
0.15384615384615374 -0.2628458498023716
0.14102564102564097 -0.2707509881422925
0.1282051282051282 -0.27470355731225293
0.1233974358974359 -0.2885375494071146
0.10897435897435903 -0.3102766798418972
0.08333333333333326 -0.32806324110671936
0.049679487179487225 -0.34189723320158105
0.024038461538461453 -0.3695652173913043
0.012820512820512775 -0.40118577075098816
-0.004807692307692291 -0.4426877470355731
-0.03685897435897434 -0.47233201581027673
-0.08493589743589747 -0.4861660079051383
-0.15064102564102566 -0.4861660079051383
-0.21314102564102566 -0.4782608695652174
-0.2435897435897436 -0.4644268774703557
-0.22916666666666663 -0.4545454545454546
-0.20833333333333337 -0.4347826086956522
-0.1923076923076923 -0.40909090909090906
-0.17467948717948723 -0.3814229249011858
-0.14903846153846156 -0.34189723320158105
-0.11858974358974361 -0.30434782608695654
-0.08974358974358976 -0.2727272727272727
-0.054487179487179516 -0.23913043478260865
-0.03044871794871795 -0.1996047430830039
-0.011217948717948678 -0.1679841897233202
0.0016025641025640969 -0.14426877470355737
0.024038461538461453 -0.12252964426877466
0.049679487179487225 -0.10869565217391308
0.0641025641025641 -0.10474308300395252
0.07852564102564097 -0.10869565217391308
0.10256410256410264 -0.11857707509881421
0.1282051282051282 -0.13043478260869568
0.15384615384615374 -0.14822134387351782
0.17467948717948723 -0.16007905138339917
0.1842948717948718 -0.1679841897233202
0.1891025641025641 -0.17984189723320154
0.1923076923076923 -0.18972332015810278
0.1875 -0.19565217391304346
0.19551282051282048 -0.20158102766798414
0.20032051282051277 -0.1996047430830039
0.20352564102564097 -0.191699604743083
0.20512820512820507 -0.20158102766798414
0.20673076923076916 -0.2055335968379447
0.20512820512820507 -0.20355731225296447
0.20833333333333326 -0.2055335968379447
0.21153846153846145 -0.20158102766798414
0.21314102564102555 -0.20158102766798414
0.21153846153846145 -0.19762845849802368
0.20512820512820507 -0.20355731225296447
0.20993589743589736 -0.21146245059288538
0.20993589743589736 -0.20355731225296447
0.21794871794871784 -0.20158102766798414
0.21794871794871784 -0.19565217391304346
0.21474358974358965 -0.20355731225296447
0.21153846153846145 -0.21146245059288538
0.21634615384615374 -0.21146245059288538
0.21955128205128216 -0.20158102766798414
0.22435897435897445 -0.1996047430830039
0.22596153846153855 -0.19762845849802368
0.22435897435897445 -0.20158102766798414
0.22115384615384626 -0.20750988142292492
0.22115384615384626 -0.20750988142292492
0.22756410256410264 -0.20355731225296447
0.23076923076923084 -0.19565217391304346
0.23237179487179493 -0.19762845849802368
0.22916666666666674 -0.19762845849802368
0.23237179487179493 -0.20750988142292492
0.23237179487179493 -0.20750988142292492
0.23557692307692313 -0.2055335968379447
0.23717948717948723 -0.19762845849802368
0.2435897435897436 -0.19367588932806323
0.23878205128205132 -0.19762845849802368
0.23717948717948723 -0.2055335968379447
0.23878205128205132 -0.2055335968379447
0.2451923076923077 -0.20158102766798414
0.2516025641025641 -0.191699604743083
0.2532051282051282 -0.18774703557312256
0.2548076923076923 -0.191699604743083
0.2532051282051282 -0.20355731225296447
0.2564102564102564 -0.19565217391304346
0.2564102564102564 -0.18774703557312256
0.2612179487179487 -0.18181818181818177
0.26442307692307687 -0.1758893280632411
0.26442307692307687 -0.18577075098814233
0.26602564102564097 -0.19565217391304346
0.26762820512820507 -0.18774703557312256
0.27083333333333326 -0.1758893280632411
0.27564102564102555 -0.1699604743083004
0.28044871794871784 -0.1699604743083004
0.27884615384615374 -0.17786561264822132
0.27724358974358965 -0.18181818181818177
0.27884615384615374 -0.18181818181818177
0.28205128205128216 -0.16600790513833996
0.28685897435897445 -0.1620553359683794
0.29326923076923084 -0.16007905138339917
0.29487179487179493 -0.16403162055335974
0.29166666666666674 -0.1679841897233202
0.29326923076923084 -0.16600790513833996
0.29807692307692313 -0.1541501976284585
0.3060897435897436 -0.14426877470355737
0.3092948717948718 -0.15019762845849804
0.3125 -0.1541501976284585
0.3108974358974359 -0.15810276679841895
0.3092948717948718 -0.15019762845849804
0.3125 -0.14822134387351782
0.3189102564102564 -0.1324110671936759
0.3253205128205128 -0.13833992094861658
0.3237179487179487 -0.14426877470355737
0.3253205128205128 -0.1462450592885376
0.3189102564102564 -0.1403162055335968
0.3237179487179487 -0.12845849802371545
0.3253205128205128 -0.12252964426877466
0.33333333333333326 -0.13043478260869568
0.32852564102564097 -0.13636363636363635
0.32692307692307687 -0.13438735177865613
0.32852564102564097 -0.1324110671936759
0.32852564102564097 -0.11857707509881421
0.33173076923076916 -0.11660079051383399
0.33653846153846145 -0.12055335968379444
0.33493589743589736 -0.1324110671936759
0.33333333333333326 -0.12845849802371545
0.33493589743589736 -0.12252964426877466
0.33012820512820507 -0.11660079051383399
0.33653846153846145 -0.11462450592885376
0.33814102564102555 -0.12055335968379444
0.33653846153846145 -0.12845849802371545
0.33173076923076916 -0.13043478260869568
0.33173076923076916 -0.12845849802371545
0.33173076923076916 -0.11462450592885376
0.33814102564102555 -0.11462450592885376
0.33653846153846145 -0.12252964426877466
0.33493589743589736 -0.13043478260869568
0.33012820512820507 -0.13438735177865613
0.32692307692307687 -0.12648221343873522
0.33333333333333326 -0.12055335968379444
0.33333333333333326 -0.12055335968379444
0.33012820512820507 -0.12648221343873522
0.3253205128205128 -0.13438735177865613
0.3221153846153846 -0.1403162055335968
0.3189102564102564 -0.13438735177865613
0.3205128205128205 -0.12648221343873522
0.3237179487179487 -0.12648221343873522
0.3237179487179487 -0.13636363636363635
0.3189102564102564 -0.1403162055335968
0.3125 -0.14229249011857703
0.3108974358974359 -0.14229249011857703
0.3092948717948718 -0.13438735177865613
0.3108974358974359 -0.1324110671936759
0.3108974358974359 -0.14229249011857703
0.3076923076923077 -0.15019762845849804
0.2996794871794872 -0.15019762845849804
0.2996794871794872 -0.1462450592885376
0.29807692307692313 -0.13636363636363635
0.29647435897435903 -0.14426877470355737
0.29647435897435903 -0.15019762845849804
0.29647435897435903 -0.16007905138339917
0.29326923076923084 -0.1620553359683794
0.29166666666666674 -0.15217391304347827
0.29487179487179493 -0.15217391304347827
0.29166666666666674 -0.1541501976284585
0.29487179487179493 -0.1620553359683794
0.28846153846153855 -0.1679841897233202
0.28365384615384626 -0.16403162055335974
0.28205128205128216 -0.16007905138339917
0.28365384615384626 -0.16007905138339917
0.28525641025641035 -0.15810276679841895
0.28205128205128216 -0.1699604743083004
0.27884615384615374 -0.18181818181818177
0.27403846153846145 -0.1758893280632411
0.27243589743589736 -0.17193675889328064
0.27403846153846145 -0.1699604743083004
0.27243589743589736 -0.1679841897233202
0.27564102564102555 -0.1758893280632411
0.27083333333333326 -0.1837944664031621
0.2628205128205128 -0.1837944664031621
0.2596153846153846 -0.17391304347826086
0.26442307692307687 -0.17984189723320154
0.26762820512820507 -0.17786561264822132
0.26762820512820507 -0.18774703557312256
0.26602564102564097 -0.191699604743083
0.2580128205128205 -0.191699604743083
0.2564102564102564 -0.18972332015810278
0.2548076923076923 -0.18577075098814233
0.2580128205128205 -0.191699604743083
0.2580128205128205 -0.19565217391304346
0.2532051282051282 -0.1996047430830039
0.25 -0.2055335968379447
0.2467948717948718 -0.19565217391304346
0.2467948717948718 -0.20158102766798414
0.25 -0.20355731225296447
0.2451923076923077 -0.20948616600790515
0.24038461538461542 -0.21146245059288538
0.23397435897435903 -0.21146245059288538
0.23557692307692313 -0.21146245059288538
0.23717948717948723 -0.2055335968379447
0.23717948717948723 -0.20948616600790515
0.22916666666666674 -0.2134387351778656
0.22916666666666674 -0.22332015810276684
0.22435897435897445 -0.21936758893280628
0.22115384615384626 -0.21541501976284583
0.22115384615384626 -0.2134387351778656
0.22275641025641035 -0.21936758893280628
0.22275641025641035 -0.2272727272727273
0.22115384615384626 -0.2272727272727273
0.21314102564102555 -0.22332015810276684
0.21314102564102555 -0.21936758893280628
0.21153846153846145 -0.22134387351778662
0.21634615384615374 -0.22332015810276684
0.21634615384615374 -0.2272727272727273
0.21153846153846145 -0.2272727272727273
0.20352564102564097 -0.22529644268774707
0.20352564102564097 -0.22529644268774707
0.20673076923076916 -0.22332015810276684
0.20993589743589736 -0.2272727272727273
0.20673076923076916 -0.23320158102766797
0.20352564102564097 -0.23913043478260865
0.20032051282051277 -0.23122529644268774
0.19551282051282048 -0.22924901185770752
0.20032051282051277 -0.2272727272727273
0.20352564102564097 -0.22529644268774707
0.20192307692307687 -0.23122529644268774
0.20192307692307687 -0.2351778656126482
0.19711538461538458 -0.2272727272727273
0.19551282051282048 -0.22529644268774707
0.19871794871794868 -0.22924901185770752
0.19711538461538458 -0.22924901185770752
0.20192307692307687 -0.23122529644268774
0.19871794871794868 -0.22924901185770752
0.1939102564102564 -0.23122529644268774
0.1923076923076923 -0.23122529644268774
0.1923076923076923 -0.23320158102766797
0.19711538461538458 -0.23715415019762842
0.19551282051282048 -0.2351778656126482
0.19551282051282048 -0.23320158102766797
0.19551282051282048 -0.23122529644268774
0.1891025641025641 -0.2351778656126482
0.1891025641025641 -0.23320158102766797
0.1939102564102564 -0.23715415019762842
0.19711538461538458 -0.2351778656126482
0.1939102564102564 -0.23320158102766797
0.1907051282051282 -0.2351778656126482
0.1907051282051282 -0.2351778656126482
0.1907051282051282 -0.23320158102766797
0.19551282051282048 -0.23320158102766797
0.19551282051282048 -0.23122529644268774
0.1923076923076923 -0.23122529644268774
0.1907051282051282 -0.23320158102766797
0.1891025641025641 -0.23320158102766797
0.1891025641025641 -0.2351778656126482
0.1891025641025641 -0.22529644268774707
0.1923076923076923 -0.22332015810276684
0.1907051282051282 -0.22529644268774707
0.19551282051282048 -0.2272727272727273
0.19551282051282048 -0.2272727272727273
0.20192307692307687 -0.22134387351778662
0.20833333333333326 -0.21739130434782605
0.20833333333333326 -0.20948616600790515
0.20352564102564097 -0.20948616600790515
0.20032051282051277 -0.2134387351778656
0.19871794871794868 -0.22529644268774707
0.20032051282051277 -0.21739130434782605
0.20673076923076916 -0.21936758893280628
0.20192307692307687 -0.2134387351778656
0.20352564102564097 -0.22134387351778662
0.19871794871794868 -0.23122529644268774
0.1939102564102564 -0.23320158102766797
0.1939102564102564 -0.2351778656126482
0.19551282051282048 -0.22529644268774707
0.19551282051282048 -0.22529644268774707
0.1907051282051282 -0.23715415019762842
0.1907051282051282 -0.24703557312252966
0.1875 -0.2490118577075099
0.1891025641025641 -0.2430830039525692
0.1875 -0.23913043478260865
0.1907051282051282 -0.23913043478260865
0.1891025641025641 -0.24703557312252966
0.1875 -0.26086956521739135
0.1858974358974359 -0.2509881422924901
0.1907051282051282 -0.23913043478260865
0.19551282051282048 -0.2351778656126482
0.1939102564102564 -0.23715415019762842
0.1923076923076923 -0.24505928853754944
0.1891025641025641 -0.24703557312252966
0.1891025641025641 -0.23715415019762842
0.1907051282051282 -0.2351778656126482
0.1939102564102564 -0.23122529644268774
0.1907051282051282 -0.23913043478260865
0.1907051282051282 -0.2430830039525692
0.1875 -0.24110671936758898
0.1858974358974359 -0.2351778656126482
0.1875 -0.23122529644268774
0.1891025641025641 -0.2351778656126482
0.1907051282051282 -0.23913043478260865
0.1891025641025641 -0.2351778656126482
0.1826923076923077 -0.24110671936758898
0.1842948717948718 -0.24110671936758898
0.1842948717948718 -0.24110671936758898
0.1907051282051282 -0.23122529644268774
0.1907051282051282 -0.23122529644268774
0.1875 -0.23715415019762842
0.1842948717948718 -0.24703557312252966
0.17788461538461542 -0.24110671936758898
0.1842948717948718 -0.23122529644268774
0.1875 -0.22332015810276684
0.1891025641025641 -0.23320158102766797
0.1858974358974359 -0.24110671936758898
0.1858974358974359 -0.24505928853754944
0.17948717948717952 -0.2351778656126482
0.1810897435897436 -0.22924901185770752
0.1858974358974359 -0.22924901185770752
0.1858974358974359 -0.23122529644268774
0.1810897435897436 -0.2430830039525692
0.17948717948717952 -0.2430830039525692
0.17628205128205132 -0.23122529644268774
0.1810897435897436 -0.2272727272727273
0.1826923076923077 -0.23122529644268774
0.1826923076923077 -0.23715415019762842
0.1858974358974359 -0.23913043478260865
0.1842948717948718 -0.23715415019762842
0.1826923076923077 -0.23122529644268774
0.1875 -0.22924901185770752
0.1875 -0.2351778656126482
0.1923076923076923 -0.2351778656126482
0.1907051282051282 -0.2351778656126482
0.1907051282051282 -0.23715415019762842
0.1907051282051282 -0.23320158102766797
0.1939102564102564 -0.23122529644268774
0.20032051282051277 -0.23320158102766797
0.20192307692307687 -0.23320158102766797
0.19551282051282048 -0.2272727272727273
0.1891025641025641 -0.2351778656126482
0.1810897435897436 -0.23320158102766797
0.17628205128205132 -0.23715415019762842
0.17307692307692313 -0.24505928853754944
0.16025641025641035 -0.2509881422924901
0.15064102564102555 -0.26679841897233203
0.13782051282051277 -0.27667984189723316
0.1233974358974359 -0.29051383399209485
0.11378205128205132 -0.30434782608695654
0.09455128205128216 -0.31818181818181823
0.0657051282051282 -0.33596837944664026
0.04326923076923084 -0.36363636363636365
0.022435897435897356 -0.4051383399209486
-0.0032051282051281937 -0.4486166007905138
-0.038461538461538436 -0.47233201581027673
-0.08493589743589747 -0.48023715415019763
-0.14423076923076927 -0.4782608695652174
-0.20673076923076927 -0.4762845849802372
-0.23237179487179482 -0.4703557312252964
-0.22115384615384615 -0.45849802371541504
-0.20032051282051277 -0.43873517786561267
-0.17628205128205132 -0.4031620553359684
-0.15705128205128205 -0.3675889328063241
-0.13461538461538458 -0.3379446640316206
-0.11217948717948723 -0.3102766798418972
-0.08333333333333337 -0.2845849802371542
-0.05608974358974361 -0.2509881422924901
-0.027243589743589758 -0.21146245059288538
-0.0032051282051281937 -0.17391304347826086
0.009615384615384581 -0.1462450592885376
0.027243589743589647 -0.13043478260869568
0.040064102564102644 -0.11462450592885376
0.05608974358974361 -0.10671936758893286
0.07692307692307687 -0.09486166007905139
0.10256410256410264 -0.09486166007905139
0.1233974358974359 -0.10869565217391308
0.15224358974358965 -0.13043478260869568
0.17467948717948723 -0.15019762845849804
0.1923076923076923 -0.15810276679841895
0.20352564102564097 -0.1620553359683794
0.20833333333333326 -0.16600790513833996
0.20833333333333326 -0.1837944664031621
0.20512820512820507 -0.19565217391304346
0.20833333333333326 -0.19565217391304346
0.20993589743589736 -0.191699604743083
0.21634615384615374 -0.18577075098814233
0.21634615384615374 -0.18774703557312256
0.21634615384615374 -0.19565217391304346
0.21153846153846145 -0.20355731225296447
0.21634615384615374 -0.1996047430830039
0.21955128205128216 -0.191699604743083
0.22275641025641035 -0.18577075098814233
0.22275641025641035 -0.191699604743083
0.22275641025641035 -0.19565217391304346
0.21634615384615374 -0.20355731225296447
0.21794871794871784 -0.1996047430830039
0.22115384615384626 -0.191699604743083
0.22596153846153855 -0.1837944664031621
0.22435897435897445 -0.18577075098814233
0.22435897435897445 -0.19762845849802368
0.22596153846153855 -0.20355731225296447
0.22596153846153855 -0.19565217391304346
0.22596153846153855 -0.191699604743083
0.23076923076923084 -0.18181818181818177
0.22916666666666674 -0.18774703557312256
0.23076923076923084 -0.19565217391304346
0.22916666666666674 -0.20158102766798414
0.22596153846153855 -0.19762845849802368
0.23076923076923084 -0.18577075098814233
0.23717948717948723 -0.18181818181818177
0.24038461538461542 -0.18577075098814233
0.23557692307692313 -0.19762845849802368
0.23397435897435903 -0.20158102766798414
0.23878205128205132 -0.18972332015810278
0.24198717948717952 -0.18181818181818177
0.2451923076923077 -0.1837944664031621
0.2467948717948718 -0.18774703557312256
0.2451923076923077 -0.19565217391304346
0.2435897435897436 -0.19762845849802368
0.24038461538461542 -0.191699604743083
0.2483974358974359 -0.1837944664031621
0.2532051282051282 -0.17984189723320154
0.2548076923076923 -0.1837944664031621
0.2532051282051282 -0.18972332015810278
0.2532051282051282 -0.19565217391304346
0.2564102564102564 -0.18181818181818177
0.2580128205128205 -0.17786561264822132
0.26442307692307687 -0.17193675889328064
0.26762820512820507 -0.17193675889328064
0.26762820512820507 -0.18181818181818177
0.26762820512820507 -0.18577075098814233
0.26762820512820507 -0.17193675889328064
0.27403846153846145 -0.16600790513833996
0.28044871794871784 -0.1620553359683794
0.28365384615384626 -0.1699604743083004
0.28525641025641035 -0.1758893280632411
0.28044871794871784 -0.17391304347826086
0.28525641025641035 -0.16007905138339917
0.28846153846153855 -0.15019762845849804
0.29807692307692313 -0.14822134387351782
0.29647435897435903 -0.15612648221343872
0.29487179487179493 -0.1620553359683794
0.29326923076923084 -0.16007905138339917
0.29647435897435903 -0.15019762845849804
0.3012820512820513 -0.14229249011857703
0.3108974358974359 -0.13833992094861658
0.3108974358974359 -0.14229249011857703
0.3076923076923077 -0.14822134387351782
0.3092948717948718 -0.14229249011857703
0.3044871794871795 -0.13833992094861658
0.3108974358974359 -0.1324110671936759
0.3125 -0.13043478260869568
0.3205128205128205 -0.1324110671936759
0.3173076923076923 -0.13833992094861658
0.3189102564102564 -0.13833992094861658
0.3221153846153846 -0.12648221343873522
0.32852564102564097 -0.11857707509881421
0.33012820512820507 -0.11660079051383399
0.33173076923076916 -0.12252964426877466
0.33333333333333326 -0.12648221343873522
0.33012820512820507 -0.12648221343873522
0.33012820512820507 -0.11264822134387353
0.33173076923076916 -0.10869565217391308
0.33653846153846145 -0.11067193675889331
0.33653846153846145 -0.11660079051383399
0.33493589743589736 -0.12252964426877466
0.33333333333333326 -0.12055335968379444
0.33173076923076916 -0.11264822134387353
0.33493589743589736 -0.10671936758893286
0.33814102564102555 -0.11067193675889331
0.33814102564102555 -0.11462450592885376
0.33333333333333326 -0.12648221343873522
0.33012820512820507 -0.11857707509881421
0.32852564102564097 -0.11462450592885376
0.3253205128205128 -0.10671936758893286
0.33173076923076916 -0.11660079051383399
0.33333333333333326 -0.11857707509881421
0.32852564102564097 -0.12648221343873522
0.3237179487179487 -0.12648221343873522
0.3205128205128205 -0.12055335968379444
0.3237179487179487 -0.11264822134387353
0.3237179487179487 -0.11660079051383399
0.3221153846153846 -0.12648221343873522
0.3205128205128205 -0.13438735177865613
0.3205128205128205 -0.13043478260869568
0.3141025641025641 -0.12648221343873522
0.3125 -0.12450592885375489
0.3173076923076923 -0.12450592885375489
0.3157051282051282 -0.13636363636363635
0.3092948717948718 -0.14229249011857703
0.3076923076923077 -0.13833992094861658
0.3044871794871795 -0.1403162055335968
0.3060897435897436 -0.13438735177865613
0.3092948717948718 -0.13438735177865613
0.3076923076923077 -0.1403162055335968
0.3012820512820513 -0.15019762845849804
0.29807692307692313 -0.15019762845849804
0.29487179487179493 -0.1403162055335968
0.29326923076923084 -0.13833992094861658
0.29807692307692313 -0.13636363636363635
0.29647435897435903 -0.1462450592885376
0.29166666666666674 -0.1541501976284585
0.28525641025641035 -0.15810276679841895
0.28044871794871784 -0.15019762845849804
0.28685897435897445 -0.14229249011857703
0.28846153846153855 -0.14426877470355737
0.28846153846153855 -0.15217391304347827
0.28365384615384626 -0.1620553359683794
0.28044871794871784 -0.16403162055335974
0.27884615384615374 -0.15810276679841895
0.27884615384615374 -0.15019762845849804
0.28044871794871784 -0.15019762845849804
0.27564102564102555 -0.15810276679841895
0.27243589743589736 -0.1679841897233202
0.27083333333333326 -0.17391304347826086
0.26762820512820507 -0.1699604743083004
0.27083333333333326 -0.1620553359683794
0.26762820512820507 -0.1620553359683794
0.26923076923076916 -0.16403162055335974
0.26923076923076916 -0.17786561264822132
0.2612179487179487 -0.18577075098814233
0.2612179487179487 -0.17984189723320154
0.26602564102564097 -0.1699604743083004
0.26762820512820507 -0.16600790513833996
0.2628205128205128 -0.17391304347826086
0.2580128205128205 -0.18577075098814233
0.2548076923076923 -0.19367588932806323
0.25 -0.18972332015810278
0.2548076923076923 -0.18774703557312256
0.2548076923076923 -0.17391304347826086
0.2532051282051282 -0.18181818181818177
0.2483974358974359 -0.19367588932806323
0.2451923076923077 -0.20158102766798414
0.23557692307692313 -0.19762845849802368
0.23717948717948723 -0.19367588932806323
0.24038461538461542 -0.18972332015810278
0.24198717948717952 -0.191699604743083
0.23717948717948723 -0.2055335968379447
0.22756410256410264 -0.20948616600790515
0.22756410256410264 -0.20948616600790515
0.22916666666666674 -0.19762845849802368
0.22435897435897445 -0.19762845849802368
0.22596153846153855 -0.2055335968379447
0.22115384615384626 -0.20948616600790515
0.22275641025641035 -0.21936758893280628
0.21794871794871784 -0.21936758893280628
0.21634615384615374 -0.21541501976284583
0.22275641025641035 -0.20750988142292492
0.21314102564102555 -0.20948616600790515
0.20833333333333326 -0.22134387351778662
0.20833333333333326 -0.22529644268774707
0.20512820512820507 -0.22529644268774707
0.20673076923076916 -0.21739130434782605
0.20993589743589736 -0.2134387351778656
0.20993589743589736 -0.21739130434782605
0.20512820512820507 -0.22529644268774707
0.19711538461538458 -0.2351778656126482
0.19551282051282048 -0.23122529644268774
0.20032051282051277 -0.22924901185770752
0.20352564102564097 -0.22332015810276684
0.20192307692307687 -0.22332015810276684
0.19711538461538458 -0.2272727272727273
0.19551282051282048 -0.23320158102766797
0.1907051282051282 -0.2351778656126482
0.1939102564102564 -0.23122529644268774
0.19551282051282048 -0.2272727272727273
0.19711538461538458 -0.22134387351778662
0.1923076923076923 -0.2272727272727273
0.1891025641025641 -0.23320158102766797
0.1875 -0.2351778656126482
0.1907051282051282 -0.23122529644268774
0.19711538461538458 -0.22924901185770752
0.1891025641025641 -0.22529644268774707
0.1891025641025641 -0.23122529644268774
0.1875 -0.24110671936758898
0.1842948717948718 -0.23913043478260865
0.1875 -0.23913043478260865
0.1907051282051282 -0.23320158102766797
0.1858974358974359 -0.22924901185770752
0.1810897435897436 -0.22924901185770752
0.1842948717948718 -0.2351778656126482
0.1826923076923077 -0.2430830039525692
0.1875 -0.23715415019762842
0.1891025641025641 -0.2272727272727273
0.1891025641025641 -0.22924901185770752
0.1858974358974359 -0.22924901185770752
0.17788461538461542 -0.23715415019762842
0.17467948717948723 -0.23913043478260865
0.17948717948717952 -0.2351778656126482
0.1810897435897436 -0.22924901185770752
0.1842948717948718 -0.2272727272727273
0.17948717948717952 -0.22924901185770752
0.17628205128205132 -0.23715415019762842
0.17307692307692313 -0.23913043478260865
0.1810897435897436 -0.2351778656126482
0.1842948717948718 -0.23122529644268774
0.1810897435897436 -0.22529644268774707
0.17788461538461542 -0.2351778656126482
0.17467948717948723 -0.23320158102766797
0.17307692307692313 -0.23913043478260865
0.17628205128205132 -0.23320158102766797
0.1810897435897436 -0.22332015810276684
0.1826923076923077 -0.21936758893280628
0.1858974358974359 -0.22332015810276684
0.17788461538461542 -0.22332015810276684
0.1826923076923077 -0.22332015810276684
0.1907051282051282 -0.22134387351778662
0.1939102564102564 -0.21739130434782605
0.19551282051282048 -0.20750988142292492
0.1891025641025641 -0.20750988142292492
0.1891025641025641 -0.21146245059288538
0.1826923076923077 -0.21541501976284583
0.1907051282051282 -0.22134387351778662
0.1891025641025641 -0.21541501976284583
0.1891025641025641 -0.21936758893280628
0.1875 -0.21936758893280628
0.1842948717948718 -0.22529644268774707
0.17948717948717952 -0.2272727272727273
0.1810897435897436 -0.22924901185770752
0.1858974358974359 -0.22529644268774707
0.17948717948717952 -0.22924901185770752
0.1826923076923077 -0.2272727272727273
0.17788461538461542 -0.2351778656126482
0.17788461538461542 -0.23913043478260865
0.17948717948717952 -0.23913043478260865
0.1810897435897436 -0.23913043478260865
0.17788461538461542 -0.23715415019762842
0.17467948717948723 -0.23715415019762842
0.16666666666666674 -0.23913043478260865
0.16506410256410264 -0.24505928853754944
0.17467948717948723 -0.2430830039525692
0.1826923076923077 -0.24110671936758898
0.1810897435897436 -0.23913043478260865
0.17628205128205132 -0.23913043478260865
0.17307692307692313 -0.24110671936758898
0.17467948717948723 -0.24110671936758898
0.17467948717948723 -0.23715415019762842
0.17948717948717952 -0.23122529644268774
0.17788461538461542 -0.23320158102766797
0.17307692307692313 -0.23320158102766797
0.16987179487179493 -0.23715415019762842
0.16987179487179493 -0.23715415019762842
0.17628205128205132 -0.23715415019762842
0.17948717948717952 -0.23122529644268774
0.17628205128205132 -0.2351778656126482
0.17307692307692313 -0.23320158102766797
0.17147435897435903 -0.2351778656126482
0.16987179487179493 -0.24110671936758898
0.17467948717948723 -0.23913043478260865
0.17788461538461542 -0.23320158102766797
0.17948717948717952 -0.23320158102766797
0.17628205128205132 -0.23715415019762842
0.17307692307692313 -0.24110671936758898
0.17147435897435903 -0.2430830039525692
0.17788461538461542 -0.2351778656126482
0.17948717948717952 -0.23320158102766797
0.17628205128205132 -0.23320158102766797
0.17147435897435903 -0.2351778656126482
0.16666666666666674 -0.23715415019762842
0.16987179487179493 -0.2430830039525692
0.17147435897435903 -0.2351778656126482
0.17788461538461542 -0.23320158102766797
0.17788461538461542 -0.2351778656126482
0.17147435897435903 -0.23320158102766797
0.16826923076923084 -0.23913043478260865
0.16826923076923084 -0.23913043478260865
0.17307692307692313 -0.24110671936758898
0.17788461538461542 -0.23913043478260865
0.17788461538461542 -0.23320158102766797
0.17467948717948723 -0.23320158102766797
0.16826923076923084 -0.2351778656126482
0.17307692307692313 -0.2351778656126482
0.17147435897435903 -0.23913043478260865
0.17628205128205132 -0.2351778656126482
0.17948717948717952 -0.23320158102766797
0.17147435897435903 -0.2351778656126482
0.17147435897435903 -0.23122529644268774
0.16826923076923084 -0.23715415019762842
0.16987179487179493 -0.2351778656126482
0.17307692307692313 -0.2351778656126482
0.17147435897435903 -0.22924901185770752
0.17307692307692313 -0.2272727272727273
0.17147435897435903 -0.2351778656126482
0.17147435897435903 -0.23122529644268774
0.17628205128205132 -0.2351778656126482
0.17948717948717952 -0.2351778656126482
0.17948717948717952 -0.23122529644268774
0.17948717948717952 -0.2351778656126482
0.1810897435897436 -0.2351778656126482
0.1810897435897436 -0.22924901185770752
0.1810897435897436 -0.23320158102766797
0.1858974358974359 -0.23320158102766797
0.1891025641025641 -0.2272727272727273
0.17948717948717952 -0.2272727272727273
0.17147435897435903 -0.23122529644268774
0.16346153846153855 -0.23122529644268774
0.16506410256410264 -0.2430830039525692
0.15705128205128216 -0.2509881422924901
0.14743589743589736 -0.2569169960474308
0.13301282051282048 -0.26679841897233203
0.12019230769230771 -0.2806324110671937
0.10737179487179493 -0.2885375494071146
0.10096153846153855 -0.30434782608695654
0.08173076923076916 -0.32015810276679846
0.05288461538461542 -0.3320158102766798
0.033653846153846256 -0.3596837944664032
0.019230769230769162 -0.383399209486166
0.0 -0.4189723320158103
-0.022435897435897467 -0.4545454545454546
-0.05608974358974361 -0.47430830039525695
-0.09134615384615385 -0.4861660079051383
-0.13942307692307687 -0.5
-0.19551282051282048 -0.49011857707509876
-0.23397435897435892 -0.46837944664031617
-0.23717948717948723 -0.45849802371541504
-0.21794871794871795 -0.4486166007905138
-0.20512820512820518 -0.4407114624505929
-0.1907051282051282 -0.4209486166007905
-0.16987179487179482 -0.38537549407114624
-0.14262820512820518 -0.3458498023715415
-0.11698717948717952 -0.30632411067193677
-0.08493589743589747 -0.2727272727272727
-0.054487179487179516 -0.2490118577075099
-0.03525641025641024 -0.22134387351778662
-0.014423076923076872 -0.1837944664031621
0.004807692307692291 -0.14229249011857703
0.02564102564102555 -0.11660079051383399
0.044871794871794934 -0.1027667984189723
0.05769230769230771 -0.09881422924901184
0.06730769230769229 -0.09486166007905139
0.08012820512820507 -0.10079051383399207
0.09935897435897445 -0.09683794466403162
0.1282051282051282 -0.10079051383399207
0.15384615384615374 -0.11264822134387353
0.16666666666666674 -0.13043478260869568
0.1810897435897436 -0.15019762845849804
0.1891025641025641 -0.1679841897233202
0.1923076923076923 -0.16403162055335974
0.19871794871794868 -0.1620553359683794
0.20512820512820507 -0.17193675889328064
0.20833333333333326 -0.1837944664031621
0.20512820512820507 -0.19565217391304346
0.20192307692307687 -0.19762845849802368
0.20192307692307687 -0.18577075098814233
0.20833333333333326 -0.18181818181818177
0.21153846153846145 -0.1837944664031621
0.21153846153846145 -0.18577075098814233
0.20993589743589736 -0.19367588932806323
0.20993589743589736 -0.20158102766798414
0.20673076923076916 -0.19367588932806323
0.20993589743589736 -0.18577075098814233
0.21794871794871784 -0.18181818181818177
0.21634615384615374 -0.18774703557312256
0.21153846153846145 -0.19762845849802368
0.21634615384615374 -0.20158102766798414
0.21634615384615374 -0.1996047430830039
0.21634615384615374 -0.18774703557312256
0.22115384615384626 -0.1837944664031621
0.22115384615384626 -0.1837944664031621
0.22115384615384626 -0.191699604743083
0.21794871794871784 -0.19762845849802368
0.21955128205128216 -0.1996047430830039
0.22115384615384626 -0.18972332015810278
0.22596153846153855 -0.1837944664031621
0.22916666666666674 -0.1837944664031621
0.22275641025641035 -0.18972332015810278
0.21794871794871784 -0.19762845849802368
0.22275641025641035 -0.19367588932806323
0.22916666666666674 -0.18774703557312256
0.23557692307692313 -0.17984189723320154
0.23557692307692313 -0.18181818181818177
0.23557692307692313 -0.18577075098814233
0.23237179487179493 -0.191699604743083
0.23237179487179493 -0.19565217391304346
0.24038461538461542 -0.18577075098814233
0.2467948717948718 -0.18181818181818177
0.2467948717948718 -0.17786561264822132
0.24198717948717952 -0.17984189723320154
0.24038461538461542 -0.18577075098814233
0.2435897435897436 -0.1837944664031621
0.2483974358974359 -0.18181818181818177
0.2516025641025641 -0.17786561264822132
0.2516025641025641 -0.1758893280632411
0.2516025641025641 -0.1758893280632411
0.2548076923076923 -0.18181818181818177
0.2532051282051282 -0.1758893280632411
0.2596153846153846 -0.17786561264822132
0.2612179487179487 -0.17193675889328064
0.26602564102564097 -0.1699604743083004
0.26442307692307687 -0.1699604743083004
0.26442307692307687 -0.1679841897233202
0.26602564102564097 -0.1679841897233202
0.26923076923076916 -0.16600790513833996
0.27724358974358965 -0.16600790513833996
0.27884615384615374 -0.16403162055335974
0.28044871794871784 -0.1620553359683794
0.27564102564102555 -0.15810276679841895
0.27724358974358965 -0.15612648221343872
0.28205128205128216 -0.15612648221343872
0.29006410256410264 -0.15612648221343872
0.29487179487179493 -0.15810276679841895
0.29326923076923084 -0.15612648221343872
0.29166666666666674 -0.15217391304347827
0.29166666666666674 -0.14229249011857703
0.29807692307692313 -0.1462450592885376
0.3028846153846154 -0.1403162055335968
0.3060897435897436 -0.14822134387351782
0.3044871794871795 -0.14822134387351782
0.3028846153846154 -0.1462450592885376
0.3044871794871795 -0.1324110671936759
0.3092948717948718 -0.13043478260869568
0.3141025641025641 -0.1324110671936759
0.3173076923076923 -0.13833992094861658
0.3125 -0.13833992094861658
0.3141025641025641 -0.13636363636363635
0.3157051282051282 -0.12252964426877466
0.3237179487179487 -0.12055335968379444
0.3253205128205128 -0.11857707509881421
0.32852564102564097 -0.12450592885375489
0.3253205128205128 -0.12845849802371545
0.3253205128205128 -0.12450592885375489
0.3221153846153846 -0.11462450592885376
0.3237179487179487 -0.11067193675889331
0.33173076923076916 -0.10671936758893286
0.33493589743589736 -0.11660079051383399
0.33173076923076916 -0.12055335968379444
0.33012820512820507 -0.12055335968379444
0.33012820512820507 -0.10869565217391308
0.33173076923076916 -0.1027667984189723
0.33814102564102555 -0.09881422924901184
0.33974358974358965 -0.10869565217391308
0.33173076923076916 -0.12055335968379444
0.33173076923076916 -0.11660079051383399
0.33333333333333326 -0.10869565217391308
0.33653846153846145 -0.09683794466403162
0.33653846153846145 -0.09683794466403162
0.33493589743589736 -0.1027667984189723
0.33493589743589736 -0.11462450592885376
0.33333333333333326 -0.11660079051383399
0.32852564102564097 -0.10671936758893286
0.33012820512820507 -0.10671936758893286
0.33333333333333326 -0.09881422924901184
0.33173076923076916 -0.10671936758893286
0.32692307692307687 -0.11857707509881421
0.3253205128205128 -0.12252964426877466
0.3237179487179487 -0.11857707509881421
0.33012820512820507 -0.10671936758893286
0.33012820512820507 -0.10671936758893286
0.32692307692307687 -0.10869565217391308
0.3237179487179487 -0.12252964426877466
0.3205128205128205 -0.12252964426877466
0.3173076923076923 -0.12845849802371545
0.3189102564102564 -0.11660079051383399
0.3237179487179487 -0.11264822134387353
0.3221153846153846 -0.11857707509881421
0.3173076923076923 -0.11660079051383399
0.3108974358974359 -0.12845849802371545
0.3125 -0.13043478260869568
0.3125 -0.12648221343873522
0.3076923076923077 -0.12252964426877466
0.3076923076923077 -0.12252964426877466
0.2996794871794872 -0.12648221343873522
0.2996794871794872 -0.13043478260869568
0.2996794871794872 -0.13833992094861658
0.29807692307692313 -0.1324110671936759
0.2996794871794872 -0.13438735177865613
0.29647435897435903 -0.13043478260869568
0.29807692307692313 -0.1324110671936759
0.29326923076923084 -0.1403162055335968
0.29166666666666674 -0.14822134387351782
0.29166666666666674 -0.14822134387351782
0.29326923076923084 -0.14229249011857703
0.28846153846153855 -0.13833992094861658
0.28365384615384626 -0.1462450592885376
0.28525641025641035 -0.15019762845849804
0.28365384615384626 -0.14822134387351782
0.28044871794871784 -0.14822134387351782
0.28525641025641035 -0.15019762845849804
0.28685897435897445 -0.15019762845849804
0.28044871794871784 -0.14822134387351782
0.27403846153846145 -0.1541501976284585
0.27564102564102555 -0.15612648221343872
0.27724358974358965 -0.15612648221343872
0.27724358974358965 -0.15612648221343872
0.27564102564102555 -0.16007905138339917
0.27083333333333326 -0.16007905138339917
0.26762820512820507 -0.16007905138339917
0.26602564102564097 -0.1620553359683794
0.26923076923076916 -0.16403162055335974
0.27083333333333326 -0.1699604743083004
0.26923076923076916 -0.16600790513833996
0.26762820512820507 -0.16600790513833996
0.2612179487179487 -0.1679841897233202
0.2580128205128205 -0.1679841897233202
0.2628205128205128 -0.17193675889328064
0.2596153846153846 -0.1758893280632411
0.2580128205128205 -0.17786561264822132
0.2548076923076923 -0.18181818181818177
0.2532051282051282 -0.17786561264822132
0.2483974358974359 -0.17984189723320154
0.2532051282051282 -0.1758893280632411
0.2564102564102564 -0.18181818181818177
0.2548076923076923 -0.18774703557312256
0.25 -0.191699604743083
0.2451923076923077 -0.18972332015810278
0.24038461538461542 -0.1837944664031621
0.2435897435897436 -0.18972332015810278
0.24198717948717952 -0.18774703557312256
0.2435897435897436 -0.19762845849802368
0.24038461538461542 -0.2055335968379447
0.23717948717948723 -0.2055335968379447
0.23397435897435903 -0.19762845849802368
0.23557692307692313 -0.191699604743083
0.23717948717948723 -0.19762845849802368
0.23397435897435903 -0.2055335968379447
0.23076923076923084 -0.2134387351778656
0.22596153846153855 -0.2134387351778656
0.22275641025641035 -0.20355731225296447
0.22435897435897445 -0.20158102766798414
0.23076923076923084 -0.19762845849802368
0.22435897435897445 -0.2055335968379447
0.22115384615384626 -0.22134387351778662
0.21794871794871784 -0.22134387351778662
0.21634615384615374 -0.2134387351778656
0.21794871794871784 -0.20750988142292492
0.21955128205128216 -0.20750988142292492
0.22275641025641035 -0.2134387351778656
0.21634615384615374 -0.22529644268774707
0.21314102564102555 -0.2272727272727273
0.20833333333333326 -0.22134387351778662
0.20993589743589736 -0.21541501976284583
0.21314102564102555 -0.21541501976284583
0.21314102564102555 -0.21541501976284583
0.20673076923076916 -0.2272727272727273
0.20512820512820507 -0.23122529644268774
0.20833333333333326 -0.2272727272727273
0.20833333333333326 -0.22134387351778662
0.21153846153846145 -0.21541501976284583
0.21153846153846145 -0.22332015810276684
0.20833333333333326 -0.22924901185770752
0.20352564102564097 -0.22924901185770752
0.20352564102564097 -0.22332015810276684
0.20673076923076916 -0.21936758893280628
0.21153846153846145 -0.21541501976284583
0.20833333333333326 -0.21739130434782605
0.20512820512820507 -0.22924901185770752
0.20032051282051277 -0.23715415019762842
0.20032051282051277 -0.22924901185770752
0.20032051282051277 -0.22529644268774707
0.20512820512820507 -0.21936758893280628
0.20833333333333326 -0.22134387351778662
0.20512820512820507 -0.22529644268774707
0.19871794871794868 -0.22924901185770752
0.20032051282051277 -0.23122529644268774
0.20512820512820507 -0.22529644268774707
0.20833333333333326 -0.22332015810276684
0.20192307692307687 -0.21936758893280628
0.20352564102564097 -0.22529644268774707
0.20032051282051277 -0.2272727272727273
0.20192307692307687 -0.2272727272727273
0.20192307692307687 -0.22332015810276684
0.20512820512820507 -0.22529644268774707
0.20512820512820507 -0.22332015810276684
0.20032051282051277 -0.22134387351778662
0.19551282051282048 -0.22332015810276684
0.19871794871794868 -0.23122529644268774
0.19871794871794868 -0.23320158102766797
0.20352564102564097 -0.22332015810276684
0.19871794871794868 -0.21739130434782605
0.19551282051282048 -0.22134387351778662
0.1923076923076923 -0.22529644268774707
0.1907051282051282 -0.22134387351778662
0.1939102564102564 -0.21936758893280628
0.19871794871794868 -0.21739130434782605
0.20512820512820507 -0.2134387351778656
0.20192307692307687 -0.2134387351778656
0.20673076923076916 -0.2134387351778656
0.20673076923076916 -0.20750988142292492
0.21314102564102555 -0.2055335968379447
0.21153846153846145 -0.20158102766798414
0.21474358974358965 -0.1996047430830039
0.21153846153846145 -0.20158102766798414
0.20673076923076916 -0.2055335968379447
0.20512820512820507 -0.20948616600790515
0.20512820512820507 -0.2055335968379447
0.21314102564102555 -0.21146245059288538
0.21153846153846145 -0.21146245059288538
0.20673076923076916 -0.2134387351778656
0.20192307692307687 -0.21739130434782605
0.20352564102564097 -0.21739130434782605
0.20352564102564097 -0.22332015810276684
0.20673076923076916 -0.22332015810276684
0.20192307692307687 -0.22529644268774707
0.20352564102564097 -0.22332015810276684
0.19711538461538458 -0.22924901185770752
0.19711538461538458 -0.2272727272727273
0.19871794871794868 -0.2351778656126482
0.19871794871794868 -0.23913043478260865
0.1923076923076923 -0.2351778656126482
0.1923076923076923 -0.2351778656126482
0.1891025641025641 -0.2351778656126482
0.1907051282051282 -0.2351778656126482
0.1939102564102564 -0.23320158102766797
0.19711538461538458 -0.23913043478260865
0.19871794871794868 -0.23913043478260865
0.19711538461538458 -0.23715415019762842
0.19551282051282048 -0.23122529644268774
0.19551282051282048 -0.22529644268774707
0.1923076923076923 -0.22529644268774707
0.19711538461538458 -0.22924901185770752
0.19711538461538458 -0.23122529644268774
0.1923076923076923 -0.23122529644268774
0.1875 -0.2272727272727273
0.1907051282051282 -0.22134387351778662
0.19551282051282048 -0.22332015810276684
0.19711538461538458 -0.2272727272727273
0.19551282051282048 -0.23122529644268774
0.1939102564102564 -0.23122529644268774
0.1891025641025641 -0.2272727272727273
0.1891025641025641 -0.22332015810276684
0.1891025641025641 -0.21936758893280628
0.19551282051282048 -0.2272727272727273
0.19551282051282048 -0.23320158102766797
0.1939102564102564 -0.23320158102766797
0.1891025641025641 -0.2272727272727273
0.1891025641025641 -0.22134387351778662
0.1923076923076923 -0.22332015810276684
0.1923076923076923 -0.2272727272727273
0.1939102564102564 -0.2351778656126482
0.1907051282051282 -0.23715415019762842
0.1907051282051282 -0.22924901185770752
0.1907051282051282 -0.22332015810276684
0.1939102564102564 -0.22332015810276684
0.19711538461538458 -0.22332015810276684
0.19871794871794868 -0.23122529644268774
0.19871794871794868 -0.2351778656126482
0.1939102564102564 -0.23122529644268774
0.1923076923076923 -0.22134387351778662
0.1939102564102564 -0.22134387351778662
0.20032051282051277 -0.22332015810276684
0.20032051282051277 -0.22924901185770752
0.19551282051282048 -0.24110671936758898
0.1907051282051282 -0.23122529644268774
0.19551282051282048 -0.22134387351778662
0.19871794871794868 -0.21936758893280628
0.20032051282051277 -0.22529644268774707
0.20352564102564097 -0.22924901185770752
0.19871794871794868 -0.23320158102766797
0.19711538461538458 -0.2351778656126482
0.19551282051282048 -0.2272727272727273
0.20032051282051277 -0.21936758893280628
0.20192307692307687 -0.22332015810276684
0.20192307692307687 -0.22924901185770752
0.19871794871794868 -0.23320158102766797
0.19551282051282048 -0.23122529644268774
0.1939102564102564 -0.22332015810276684
0.20032051282051277 -0.21936758893280628
0.20352564102564097 -0.22924901185770752
0.20352564102564097 -0.23122529644268774
0.20032051282051277 -0.23122529644268774
0.20192307692307687 -0.22529644268774707
0.20512820512820507 -0.22332015810276684
0.20833333333333326 -0.21936758893280628
0.21314102564102555 -0.22529644268774707
0.21634615384615374 -0.22924901185770752
0.20833333333333326 -0.2272727272727273
0.20352564102564097 -0.23122529644268774
0.1939102564102564 -0.21936758893280628
0.1875 -0.22332015810276684
0.1826923076923077 -0.2351778656126482
0.17628205128205132 -0.2490118577075099
0.16025641025641035 -0.2628458498023716
0.14583333333333326 -0.26877470355731226
0.13782051282051277 -0.27470355731225293
0.1282051282051282 -0.2865612648221344
0.11057692307692313 -0.30632411067193677
0.08173076923076916 -0.32806324110671936
0.05608974358974361 -0.35770750988142297
0.03685897435897445 -0.37944664031620556
0.024038461538461453 -0.4169960474308301
-0.0016025641025640969 -0.4426877470355731
-0.033653846153846145 -0.46837944664031617
-0.08333333333333337 -0.48221343873517786
-0.14423076923076927 -0.4841897233201581
-0.1939102564102564 -0.4703557312252964
-0.21153846153846156 -0.450592885375494
-0.20032051282051277 -0.44466403162055335
-0.1826923076923077 -0.43675889328063244
-0.16826923076923073 -0.4189723320158103
-0.15384615384615385 -0.39328063241106714
-0.13301282051282048 -0.35573122529644263
-0.10576923076923073 -0.31422924901185767
-0.08173076923076927 -0.2806324110671937
-0.049679487179487225 -0.25296442687747034
-0.022435897435897467 -0.2272727272727273
-0.0016025641025640969 -0.1996047430830039
0.01602564102564097 -0.16403162055335974
0.033653846153846256 -0.12450592885375489
0.04647435897435903 -0.09881422924901184
0.0657051282051282 -0.09486166007905139
0.07692307692307687 -0.08893280632411071
0.08333333333333326 -0.09090909090909094
0.10096153846153855 -0.08893280632411071
0.1217948717948718 -0.08498023715415015
0.15064102564102555 -0.08893280632411071
0.17948717948717952 -0.10671936758893286
0.19711538461538458 -0.13438735177865613
0.21634615384615374 -0.15612648221343872
0.21794871794871784 -0.1620553359683794
0.22115384615384626 -0.16600790513833996
0.22596153846153855 -0.1679841897233202
0.22756410256410264 -0.1758893280632411
0.22916666666666674 -0.1837944664031621
0.22916666666666674 -0.18774703557312256
0.22435897435897445 -0.1837944664031621
0.22596153846153855 -0.17984189723320154
0.22916666666666674 -0.17786561264822132
0.23557692307692313 -0.17984189723320154
0.23717948717948723 -0.18774703557312256
0.23237179487179493 -0.19367588932806323
0.23076923076923084 -0.1837944664031621
0.23237179487179493 -0.18181818181818177
0.23717948717948723 -0.18181818181818177
0.24198717948717952 -0.18181818181818177
0.24038461538461542 -0.18972332015810278
0.23717948717948723 -0.18972332015810278
0.23557692307692313 -0.1837944664031621
0.23557692307692313 -0.17786561264822132
0.24198717948717952 -0.17984189723320154
0.2467948717948718 -0.18181818181818177
0.2467948717948718 -0.18577075098814233
0.2451923076923077 -0.191699604743083
0.23878205128205132 -0.18774703557312256
0.24198717948717952 -0.17786561264822132
0.2483974358974359 -0.17391304347826086
0.25 -0.1758893280632411
0.2516025641025641 -0.18181818181818177
0.2516025641025641 -0.18774703557312256
0.2516025641025641 -0.18181818181818177
0.2532051282051282 -0.1758893280632411
0.2564102564102564 -0.17193675889328064
0.2596153846153846 -0.17786561264822132
0.2596153846153846 -0.17984189723320154
0.2580128205128205 -0.18577075098814233
0.2580128205128205 -0.17786561264822132
0.2548076923076923 -0.1758893280632411
0.26602564102564097 -0.1679841897233202
0.26762820512820507 -0.1699604743083004
0.27243589743589736 -0.17786561264822132
0.26762820512820507 -0.1837944664031621
0.26762820512820507 -0.17984189723320154
0.26602564102564097 -0.17193675889328064
0.27083333333333326 -0.16600790513833996
0.27724358974358965 -0.1679841897233202
0.28044871794871784 -0.1699604743083004
0.28205128205128216 -0.17391304347826086
0.27884615384615374 -0.1679841897233202
0.28525641025641035 -0.15810276679841895
0.28846153846153855 -0.1541501976284585
0.29647435897435903 -0.1541501976284585
0.29647435897435903 -0.1679841897233202
0.29487179487179493 -0.16600790513833996
0.29487179487179493 -0.1620553359683794
0.29647435897435903 -0.15019762845849804
0.3044871794871795 -0.1462450592885376
0.3125 -0.15019762845849804
0.3125 -0.15019762845849804
0.3108974358974359 -0.15217391304347827
0.3060897435897436 -0.14426877470355737
0.3076923076923077 -0.13833992094861658
0.3157051282051282 -0.13636363636363635
0.3173076923076923 -0.13438735177865613
0.3205128205128205 -0.14426877470355737
0.3221153846153846 -0.13833992094861658
0.3205128205128205 -0.13438735177865613
0.3237179487179487 -0.12845849802371545
0.32852564102564097 -0.13043478260869568
0.33493589743589736 -0.12845849802371545
0.33653846153846145 -0.13043478260869568
0.33012820512820507 -0.12845849802371545
0.33333333333333326 -0.12252964426877466
0.33333333333333326 -0.11660079051383399
0.33653846153846145 -0.11660079051383399
0.34455128205128216 -0.11462450592885376
0.34455128205128216 -0.11660079051383399
0.34615384615384626 -0.11857707509881421
0.34615384615384626 -0.11462450592885376
0.34455128205128216 -0.1027667984189723
0.35096153846153855 -0.10079051383399207
0.35416666666666674 -0.10474308300395252
0.35256410256410264 -0.1027667984189723
0.35576923076923084 -0.11264822134387353
0.35096153846153855 -0.10474308300395252
0.34615384615384626 -0.09486166007905139
0.35416666666666674 -0.09486166007905139
0.35737179487179493 -0.09881422924901184
0.35737179487179493 -0.10079051383399207
0.35737179487179493 -0.10474308300395252
0.35416666666666674 -0.10079051383399207
0.35576923076923084 -0.09288537549407117
0.35256410256410264 -0.09486166007905139
0.36057692307692313 -0.09881422924901184
0.36057692307692313 -0.10079051383399207
0.35256410256410264 -0.10671936758893286
0.34935897435897445 -0.1027667984189723
0.34615384615384626 -0.09683794466403162
0.35256410256410264 -0.09288537549407117
0.35416666666666674 -0.10079051383399207
0.35256410256410264 -0.11067193675889331
0.34935897435897445 -0.11462450592885376
0.34615384615384626 -0.1027667984189723
0.34455128205128216 -0.10079051383399207
0.34455128205128216 -0.09288537549407117
0.34775641025641035 -0.1027667984189723
0.34134615384615374 -0.10869565217391308
0.33814102564102555 -0.11462450592885376
0.33653846153846145 -0.10869565217391308
0.33493589743589736 -0.10474308300395252
0.33493589743589736 -0.1027667984189723
0.33814102564102555 -0.10869565217391308
0.33493589743589736 -0.11264822134387353
0.33012820512820507 -0.12648221343873522
0.3253205128205128 -0.12055335968379444
0.3221153846153846 -0.11264822134387353
0.3253205128205128 -0.11067193675889331
0.32692307692307687 -0.11264822134387353
0.32692307692307687 -0.12648221343873522
0.3205128205128205 -0.13438735177865613
0.3157051282051282 -0.13043478260869568
0.3125 -0.11857707509881421
0.3157051282051282 -0.12450592885375489
0.3205128205128205 -0.12252964426877466
0.3125 -0.13043478260869568
0.3125 -0.1462450592885376
0.3060897435897436 -0.1403162055335968
0.3092948717948718 -0.1324110671936759
0.3076923076923077 -0.12845849802371545
0.3076923076923077 -0.13636363636363635
0.3092948717948718 -0.14426877470355737
0.3044871794871795 -0.15019762845849804
0.2996794871794872 -0.15019762845849804
0.2996794871794872 -0.14426877470355737
0.29807692307692313 -0.13833992094861658
0.3012820512820513 -0.14426877470355737
0.2996794871794872 -0.15217391304347827
0.29647435897435903 -0.1620553359683794
0.29326923076923084 -0.16007905138339917
0.29006410256410264 -0.15019762845849804
0.29326923076923084 -0.14822134387351782
0.29487179487179493 -0.15019762845849804
0.29166666666666674 -0.15612648221343872
0.28685897435897445 -0.1699604743083004
0.28044871794871784 -0.17193675889328064
0.27884615384615374 -0.16600790513833996
0.28044871794871784 -0.15810276679841895
0.28044871794871784 -0.15810276679841895
0.28044871794871784 -0.1679841897233202
0.27884615384615374 -0.1758893280632411
0.27243589743589736 -0.18181818181818177
0.27403846153846145 -0.1699604743083004
0.27724358974358965 -0.16600790513833996
0.27724358974358965 -0.1699604743083004
0.27243589743589736 -0.17984189723320154
0.26602564102564097 -0.18774703557312256
0.2612179487179487 -0.18972332015810278
0.2612179487179487 -0.18181818181818177
0.26442307692307687 -0.17786561264822132
0.26442307692307687 -0.1837944664031621
0.26442307692307687 -0.18972332015810278
0.2596153846153846 -0.19762845849802368
0.2548076923076923 -0.1996047430830039
0.2532051282051282 -0.191699604743083
0.2532051282051282 -0.18577075098814233
0.2564102564102564 -0.18577075098814233
0.2548076923076923 -0.19565217391304346
0.25 -0.20750988142292492
0.2467948717948718 -0.20948616600790515
0.23878205128205132 -0.20750988142292492
0.24038461538461542 -0.19367588932806323
0.2435897435897436 -0.19565217391304346
0.23717948717948723 -0.20355731225296447
0.23717948717948723 -0.21146245059288538
0.22756410256410264 -0.2134387351778656
0.23076923076923084 -0.20948616600790515
0.22916666666666674 -0.20158102766798414
0.23237179487179493 -0.20158102766798414
0.23076923076923084 -0.20948616600790515
0.23076923076923084 -0.21936758893280628
0.22435897435897445 -0.22332015810276684
0.22275641025641035 -0.21739130434782605
0.22596153846153855 -0.21146245059288538
0.22756410256410264 -0.2055335968379447
0.22115384615384626 -0.20948616600790515
0.22115384615384626 -0.21936758893280628
0.21955128205128216 -0.2272727272727273
0.21153846153846145 -0.21936758893280628
0.21634615384615374 -0.20948616600790515
0.21955128205128216 -0.20948616600790515
0.22115384615384626 -0.21541501976284583
0.21634615384615374 -0.22529644268774707
0.21634615384615374 -0.22924901185770752
0.21314102564102555 -0.22134387351778662
0.21794871794871784 -0.2134387351778656
0.21634615384615374 -0.21146245059288538
0.21474358974358965 -0.21739130434782605
0.21474358974358965 -0.22924901185770752
0.21153846153846145 -0.23122529644268774
0.20993589743589736 -0.22529644268774707
0.21153846153846145 -0.21541501976284583
0.21634615384615374 -0.21739130434782605
0.21314102564102555 -0.21739130434782605
0.20993589743589736 -0.23122529644268774
0.20833333333333326 -0.22924901185770752
0.21314102564102555 -0.22332015810276684
0.21474358974358965 -0.21739130434782605
0.21634615384615374 -0.21541501976284583
0.21474358974358965 -0.22134387351778662
0.20993589743589736 -0.2351778656126482
0.20673076923076916 -0.2351778656126482
0.20512820512820507 -0.22924901185770752
0.21153846153846145 -0.21739130434782605
0.21153846153846145 -0.21739130434782605
0.20673076923076916 -0.21936758893280628
0.20673076923076916 -0.2351778656126482
0.20192307692307687 -0.22924901185770752
0.20993589743589736 -0.22529644268774707
0.20833333333333326 -0.21541501976284583
0.20833333333333326 -0.21146245059288538
0.20512820512820507 -0.2134387351778656
0.20192307692307687 -0.22332015810276684
0.20032051282051277 -0.2272727272727273
0.20032051282051277 -0.21541501976284583
0.20993589743589736 -0.20355731225296447
0.21794871794871784 -0.20750988142292492
0.21955128205128216 -0.21146245059288538
0.22115384615384626 -0.21739130434782605
0.22115384615384626 -0.21541501976284583
0.21955128205128216 -0.20750988142292492
0.21955128205128216 -0.1996047430830039
0.22275641025641035 -0.19762845849802368
0.22275641025641035 -0.2055335968379447
0.21474358974358965 -0.2134387351778656
0.21153846153846145 -0.2134387351778656
0.21474358974358965 -0.2134387351778656
0.21634615384615374 -0.20158102766798414
0.21955128205128216 -0.21146245059288538
0.21794871794871784 -0.21541501976284583
0.21634615384615374 -0.2272727272727273
0.20833333333333326 -0.22924901185770752
0.20673076923076916 -0.2272727272727273
0.21153846153846145 -0.21739130434782605
0.20993589743589736 -0.22332015810276684
0.20993589743589736 -0.23913043478260865
0.20512820512820507 -0.2430830039525692
0.20032051282051277 -0.24703557312252966
0.20192307692307687 -0.23320158102766797
0.19551282051282048 -0.23122529644268774
0.20352564102564097 -0.23320158102766797
0.20192307692307687 -0.24505928853754944
0.20512820512820507 -0.2490118577075099
0.20032051282051277 -0.23715415019762842
0.20512820512820507 -0.22924901185770752
0.21153846153846145 -0.22332015810276684
0.21314102564102555 -0.2272727272727273
0.20673076923076916 -0.23122529644268774
0.20032051282051277 -0.23320158102766797
0.20192307692307687 -0.22924901185770752
0.19871794871794868 -0.22332015810276684
0.20192307692307687 -0.22332015810276684
0.20673076923076916 -0.22332015810276684
0.20673076923076916 -0.23320158102766797
0.20192307692307687 -0.2351778656126482
0.19871794871794868 -0.22924901185770752
0.19711538461538458 -0.22134387351778662
0.20352564102564097 -0.21936758893280628
0.20673076923076916 -0.2272727272727273
0.20352564102564097 -0.2272727272727273
0.20192307692307687 -0.23320158102766797
0.19711538461538458 -0.23320158102766797
0.1939102564102564 -0.22529644268774707
0.20032051282051277 -0.22332015810276684
0.20352564102564097 -0.23320158102766797
0.20673076923076916 -0.23320158102766797
0.20032051282051277 -0.23122529644268774
0.19551282051282048 -0.22924901185770752
0.19711538461538458 -0.22924901185770752
0.19871794871794868 -0.2272727272727273
0.20512820512820507 -0.23122529644268774
0.19871794871794868 -0.23122529644268774
0.19871794871794868 -0.2272727272727273
0.19711538461538458 -0.2272727272727273
0.19871794871794868 -0.22332015810276684
0.20032051282051277 -0.22529644268774707
0.20833333333333326 -0.2272727272727273
0.20192307692307687 -0.22529644268774707
0.20032051282051277 -0.22924901185770752
0.19711538461538458 -0.21936758893280628
0.20032051282051277 -0.2272727272727273
0.20352564102564097 -0.22924901185770752
0.20032051282051277 -0.22924901185770752
0.20032051282051277 -0.2272727272727273
0.20032051282051277 -0.23122529644268774
0.19551282051282048 -0.2272727272727273
0.19871794871794868 -0.22332015810276684
0.20192307692307687 -0.2272727272727273
0.20192307692307687 -0.22924901185770752
0.20192307692307687 -0.2272727272727273
0.20192307692307687 -0.22924901185770752
0.19871794871794868 -0.2272727272727273
0.20032051282051277 -0.2272727272727273
0.20352564102564097 -0.22529644268774707
0.20512820512820507 -0.22529644268774707
0.20512820512820507 -0.22134387351778662
0.20352564102564097 -0.21739130434782605
0.20833333333333326 -0.2272727272727273
0.20352564102564097 -0.22924901185770752
0.20833333333333326 -0.22134387351778662
0.21474358974358965 -0.22134387351778662
0.20993589743589736 -0.22134387351778662
0.1939102564102564 -0.22529644268774707
0.1875 -0.2351778656126482
0.17948717948717952 -0.24505928853754944
0.17788461538461542 -0.2490118577075099
0.16506410256410264 -0.25494071146245056
0.15224358974358965 -0.2648221343873518
0.13621794871794868 -0.2845849802371542
0.11858974358974361 -0.30632411067193677
0.09455128205128216 -0.3162055335968379
0.06891025641025639 -0.3320158102766798
0.05608974358974361 -0.3517786561264822
0.03846153846153855 -0.3893280632411067
0.014423076923076872 -0.43083003952569165
-0.02083333333333337 -0.4624505928853755
-0.0625 -0.4703557312252964
-0.11217948717948723 -0.4703557312252964
-0.16506410256410253 -0.45849802371541504
-0.19871794871794868 -0.45256916996047436
-0.20032051282051277 -0.44664031620553357
-0.1891025641025641 -0.4407114624505929
-0.17307692307692313 -0.42292490118577075
-0.14903846153846156 -0.38735177865612647
-0.125 -0.3537549407114624
-0.10416666666666663 -0.3221343873517787
-0.07532051282051277 -0.29051383399209485
-0.049679487179487225 -0.2648221343873518
-0.022435897435897467 -0.23122529644268774
0.0064102564102563875 -0.19762845849802368
0.03044871794871784 -0.1541501976284585
0.049679487179487225 -0.12648221343873522
0.0641025641025641 -0.11462450592885376
0.07371794871794868 -0.10671936758893286
0.08814102564102555 -0.10079051383399207
0.10737179487179493 -0.09090909090909094
0.13461538461538458 -0.09486166007905139
0.16025641025641035 -0.10869565217391308
0.1842948717948718 -0.13043478260869568
0.19711538461538458 -0.15217391304347827
0.20833333333333326 -0.16007905138339917
0.22115384615384626 -0.16600790513833996
0.22916666666666674 -0.1679841897233202
0.22435897435897445 -0.1758893280632411
0.22435897435897445 -0.1837944664031621
0.22596153846153855 -0.191699604743083
0.22596153846153855 -0.18972332015810278
0.23237179487179493 -0.1837944664031621
0.23397435897435903 -0.18181818181818177
0.23397435897435903 -0.17984189723320154
0.22916666666666674 -0.191699604743083
0.22756410256410264 -0.19565217391304346
0.23076923076923084 -0.19565217391304346
0.23237179487179493 -0.18972332015810278
0.23237179487179493 -0.1837944664031621
0.23397435897435903 -0.1837944664031621
0.23557692307692313 -0.18972332015810278
0.23237179487179493 -0.19367588932806323
0.23557692307692313 -0.19762845849802368
0.24038461538461542 -0.18774703557312256
0.2435897435897436 -0.17984189723320154
0.2435897435897436 -0.18577075098814233
0.23878205128205132 -0.19367588932806323
0.23397435897435903 -0.1996047430830039
0.24198717948717952 -0.19367588932806323
0.24198717948717952 -0.18577075098814233
0.2483974358974359 -0.18181818181818177
0.2483974358974359 -0.18972332015810278
0.24198717948717952 -0.19367588932806323
0.2435897435897436 -0.20158102766798414
0.2467948717948718 -0.19565217391304346
0.25 -0.1837944664031621
0.2564102564102564 -0.18181818181818177
0.2580128205128205 -0.18577075098814233
0.2516025641025641 -0.191699604743083
0.25 -0.19367588932806323
0.2483974358974359 -0.18972332015810278
0.2564102564102564 -0.18181818181818177
0.2612179487179487 -0.17193675889328064
0.2596153846153846 -0.17984189723320154
0.2612179487179487 -0.18972332015810278
0.2612179487179487 -0.19367588932806323
0.26602564102564097 -0.1837944664031621
0.26923076923076916 -0.17786561264822132
0.27403846153846145 -0.17193675889328064
0.27403846153846145 -0.17391304347826086
0.27083333333333326 -0.18577075098814233
0.27083333333333326 -0.1837944664031621
0.26923076923076916 -0.17391304347826086
0.28044871794871784 -0.16600790513833996
0.28205128205128216 -0.16403162055335974
0.28525641025641035 -0.1679841897233202
0.28525641025641035 -0.17193675889328064
0.28525641025641035 -0.1758893280632411
0.28846153846153855 -0.17193675889328064
0.29647435897435903 -0.15810276679841895
0.29807692307692313 -0.15612648221343872
0.2996794871794872 -0.15612648221343872
0.29487179487179493 -0.16600790513833996
0.29647435897435903 -0.1699604743083004
0.3012820512820513 -0.1620553359683794
0.3092948717948718 -0.15217391304347827
0.3125 -0.14229249011857703
0.3141025641025641 -0.15019762845849804
0.3125 -0.16007905138339917
0.3141025641025641 -0.15810276679841895
0.3125 -0.14822134387351782
0.3157051282051282 -0.1403162055335968
0.3253205128205128 -0.13636363636363635
0.3237179487179487 -0.13438735177865613
0.3237179487179487 -0.14426877470355737
0.3253205128205128 -0.14822134387351782
0.32692307692307687 -0.13043478260869568
0.33173076923076916 -0.12055335968379444
0.33814102564102555 -0.12055335968379444
0.33974358974358965 -0.12648221343873522
0.32852564102564097 -0.13636363636363635
0.33653846153846145 -0.13438735177865613
0.33974358974358965 -0.12055335968379444
0.34294871794871784 -0.11264822134387353
0.35256410256410264 -0.11264822134387353
0.34935897435897445 -0.11660079051383399
0.34455128205128216 -0.12648221343873522
0.34294871794871784 -0.12055335968379444
0.34775641025641035 -0.10869565217391308
0.35256410256410264 -0.10474308300395252
0.34935897435897445 -0.10474308300395252
0.35096153846153855 -0.10869565217391308
0.35096153846153855 -0.12055335968379444
0.34935897435897445 -0.11660079051383399
0.34935897435897445 -0.10671936758893286
0.34775641025641035 -0.1027667984189723
0.35096153846153855 -0.1027667984189723
0.35256410256410264 -0.11264822134387353
0.34455128205128216 -0.11857707509881421
0.34775641025641035 -0.11660079051383399
0.34294871794871784 -0.10869565217391308
0.34615384615384626 -0.10474308300395252
0.34935897435897445 -0.10869565217391308
0.34615384615384626 -0.11660079051383399
0.33974358974358965 -0.12450592885375489
0.33333333333333326 -0.11857707509881421
0.33333333333333326 -0.11462450592885376
0.33814102564102555 -0.11067193675889331
0.33333333333333326 -0.11660079051383399
0.33173076923076916 -0.12450592885375489
0.33173076923076916 -0.12845849802371545
0.33012820512820507 -0.12450592885375489
0.32852564102564097 -0.12252964426877466
0.3237179487179487 -0.11462450592885376
0.33012820512820507 -0.12450592885375489
0.3237179487179487 -0.12845849802371545
0.3237179487179487 -0.13636363636363635
0.3173076923076923 -0.1324110671936759
0.3157051282051282 -0.12648221343873522
0.3173076923076923 -0.12450592885375489
0.3173076923076923 -0.1324110671936759
0.3189102564102564 -0.13833992094861658
0.3092948717948718 -0.14229249011857703
0.3044871794871795 -0.13636363636363635
0.3044871794871795 -0.13636363636363635
0.3028846153846154 -0.13636363636363635
0.3076923076923077 -0.14426877470355737
0.3076923076923077 -0.14822134387351782
0.29647435897435903 -0.1541501976284585
0.29487179487179493 -0.15019762845849804
0.29647435897435903 -0.14229249011857703
0.29487179487179493 -0.14426877470355737
0.29487179487179493 -0.15217391304347827
0.29326923076923084 -0.1541501976284585
0.28846153846153855 -0.16403162055335974
0.29006410256410264 -0.16007905138339917
0.29006410256410264 -0.1541501976284585
0.28846153846153855 -0.15217391304347827
0.28685897435897445 -0.15810276679841895
0.28685897435897445 -0.1679841897233202
0.28205128205128216 -0.1699604743083004
0.28044871794871784 -0.1620553359683794
0.27884615384615374 -0.1620553359683794
0.28205128205128216 -0.16403162055335974
0.28365384615384626 -0.1679841897233202
0.27243589743589736 -0.17391304347826086
0.27083333333333326 -0.17391304347826086
0.27083333333333326 -0.1758893280632411
0.27083333333333326 -0.1699604743083004
0.27564102564102555 -0.17391304347826086
0.27564102564102555 -0.17984189723320154
0.26923076923076916 -0.1837944664031621
0.2628205128205128 -0.18774703557312256
0.26442307692307687 -0.1837944664031621
0.2628205128205128 -0.18181818181818177
0.26442307692307687 -0.18181818181818177
0.26602564102564097 -0.18972332015810278
0.2628205128205128 -0.191699604743083
0.2564102564102564 -0.19367588932806323
0.2532051282051282 -0.19762845849802368
0.2532051282051282 -0.18972332015810278
0.25 -0.19367588932806323
0.2532051282051282 -0.19762845849802368
0.2532051282051282 -0.2055335968379447
0.24198717948717952 -0.20750988142292492
0.24038461538461542 -0.19762845849802368
0.24198717948717952 -0.19762845849802368
0.2435897435897436 -0.20158102766798414
0.2435897435897436 -0.20355731225296447
0.23878205128205132 -0.20948616600790515
0.23717948717948723 -0.20948616600790515
0.23237179487179493 -0.2134387351778656
0.23237179487179493 -0.20750988142292492
0.23397435897435903 -0.2055335968379447
0.23397435897435903 -0.21146245059288538
0.22756410256410264 -0.21739130434782605
0.22756410256410264 -0.22332015810276684
0.21794871794871784 -0.21541501976284583
0.22115384615384626 -0.21541501976284583
0.22115384615384626 -0.21541501976284583
0.22756410256410264 -0.21936758893280628
0.22435897435897445 -0.22332015810276684
0.21794871794871784 -0.2272727272727273
0.21474358974358965 -0.21936758893280628
0.21153846153846145 -0.21936758893280628
0.21314102564102555 -0.21739130434782605
0.21634615384615374 -0.2272727272727273
0.21153846153846145 -0.23122529644268774
0.21634615384615374 -0.23122529644268774
0.21153846153846145 -0.2272727272727273
0.20673076923076916 -0.22332015810276684
0.21314102564102555 -0.22332015810276684
0.21314102564102555 -0.2272727272727273
0.21474358974358965 -0.23122529644268774
0.20673076923076916 -0.22924901185770752
0.20512820512820507 -0.2272727272727273
0.20512820512820507 -0.22332015810276684
0.20833333333333326 -0.22529644268774707
0.21153846153846145 -0.23122529644268774
0.21153846153846145 -0.23122529644268774
0.20673076923076916 -0.22924901185770752
0.20512820512820507 -0.22924901185770752
0.20512820512820507 -0.22924901185770752
0.20833333333333326 -0.2272727272727273
0.21153846153846145 -0.2272727272727273
0.21153846153846145 -0.23122529644268774
0.20833333333333326 -0.23122529644268774
0.20032051282051277 -0.2272727272727273
0.20192307692307687 -0.22332015810276684
0.20673076923076916 -0.22529644268774707
0.20993589743589736 -0.22924901185770752
0.20673076923076916 -0.23715415019762842
0.20673076923076916 -0.23320158102766797
0.20192307692307687 -0.2272727272727273
0.20192307692307687 -0.22332015810276684
0.20673076923076916 -0.22529644268774707
0.20993589743589736 -0.2272727272727273
0.20993589743589736 -0.22924901185770752
0.19871794871794868 -0.23122529644268774
0.19711538461538458 -0.2272727272727273
0.19551282051282048 -0.22134387351778662
0.20512820512820507 -0.22134387351778662
0.20673076923076916 -0.21739130434782605
0.20512820512820507 -0.22332015810276684
0.20833333333333326 -0.22332015810276684
0.20673076923076916 -0.21541501976284583
0.21153846153846145 -0.21146245059288538
0.21794871794871784 -0.20750988142292492
0.22596153846153855 -0.21146245059288538
0.22275641025641035 -0.21541501976284583
0.21794871794871784 -0.2134387351778656
0.21153846153846145 -0.21146245059288538
0.21153846153846145 -0.20355731225296447
0.21634615384615374 -0.2055335968379447
0.21955128205128216 -0.21146245059288538
0.21634615384615374 -0.21936758893280628
0.21474358974358965 -0.22332015810276684
0.21314102564102555 -0.21936758893280628
0.20673076923076916 -0.21541501976284583
0.21474358974358965 -0.21541501976284583
0.21314102564102555 -0.22332015810276684
0.21153846153846145 -0.23122529644268774
0.20833333333333326 -0.23320158102766797
0.20673076923076916 -0.23320158102766797
0.20673076923076916 -0.22924901185770752
0.20833333333333326 -0.23320158102766797
0.20833333333333326 -0.23715415019762842
0.20673076923076916 -0.24110671936758898
0.20352564102564097 -0.2430830039525692
0.19871794871794868 -0.24110671936758898
0.20032051282051277 -0.23715415019762842
0.20352564102564097 -0.22924901185770752
0.20673076923076916 -0.2351778656126482
0.20993589743589736 -0.2430830039525692
0.20673076923076916 -0.24110671936758898
0.20352564102564097 -0.23715415019762842
0.20512820512820507 -0.23122529644268774
0.20833333333333326 -0.23320158102766797
0.20993589743589736 -0.2351778656126482
0.20512820512820507 -0.23715415019762842
0.20192307692307687 -0.23715415019762842
0.19871794871794868 -0.23320158102766797
0.19871794871794868 -0.2272727272727273
0.20673076923076916 -0.2272727272727273
0.20673076923076916 -0.23320158102766797
0.20512820512820507 -0.23122529644268774
0.20512820512820507 -0.23715415019762842
0.20192307692307687 -0.23320158102766797
0.20032051282051277 -0.2272727272727273
0.20833333333333326 -0.2272727272727273
0.20993589743589736 -0.23320158102766797
0.20993589743589736 -0.23913043478260865
0.20673076923076916 -0.23913043478260865
0.20352564102564097 -0.23320158102766797
0.20192307692307687 -0.2272727272727273
0.20833333333333326 -0.22529644268774707
0.21153846153846145 -0.2272727272727273
0.20993589743589736 -0.23320158102766797
0.20352564102564097 -0.23715415019762842
0.20192307692307687 -0.23320158102766797
0.20192307692307687 -0.2272727272727273
0.20673076923076916 -0.2272727272727273
0.20673076923076916 -0.23122529644268774
0.20673076923076916 -0.2351778656126482
0.20352564102564097 -0.2351778656126482
0.20192307692307687 -0.23122529644268774
0.20192307692307687 -0.22924901185770752
0.20833333333333326 -0.2272727272727273
0.20673076923076916 -0.23122529644268774
0.20993589743589736 -0.2351778656126482
0.20352564102564097 -0.24110671936758898
0.20352564102564097 -0.23320158102766797
0.20512820512820507 -0.22529644268774707
0.20833333333333326 -0.22529644268774707
0.21153846153846145 -0.2272727272727273
0.20993589743589736 -0.2351778656126482
0.20352564102564097 -0.23320158102766797
0.20352564102564097 -0.23122529644268774
0.20352564102564097 -0.2272727272727273
0.20833333333333326 -0.2272727272727273
0.20833333333333326 -0.23122529644268774
0.20673076923076916 -0.23122529644268774
0.20673076923076916 -0.22924901185770752
0.20352564102564097 -0.23320158102766797
0.20673076923076916 -0.2272727272727273
0.21153846153846145 -0.2272727272727273
0.21474358974358965 -0.2272727272727273
0.21153846153846145 -0.2351778656126482
0.20673076923076916 -0.23913043478260865
0.20993589743589736 -0.23715415019762842
0.21153846153846145 -0.22529644268774707
0.21634615384615374 -0.22332015810276684
0.21955128205128216 -0.2272727272727273
0.21794871794871784 -0.23715415019762842
0.21634615384615374 -0.23715415019762842
0.21474358974358965 -0.23320158102766797
0.20673076923076916 -0.22924901185770752
0.20352564102564097 -0.2351778656126482
0.19551282051282048 -0.2430830039525692
0.1891025641025641 -0.2569169960474308
0.17948717948717952 -0.26679841897233203
0.16346153846153855 -0.2707509881422925
0.15384615384615374 -0.2786561264822134
0.14423076923076916 -0.29051383399209485
0.1314102564102564 -0.308300395256917
0.10096153846153855 -0.3300395256916996
0.07051282051282048 -0.3537549407114624
0.054487179487179516 -0.3754940711462451
0.040064102564102644 -0.4031620553359684
0.012820512820512775 -0.4268774703557312
-0.014423076923076872 -0.44664031620553357
-0.0608974358974359 -0.45849802371541504
-0.11858974358974361 -0.45849802371541504
-0.17147435897435892 -0.44664031620553357
-0.1907051282051282 -0.432806324110672
-0.17467948717948723 -0.42292490118577075
-0.15705128205128205 -0.4110671936758893
-0.14102564102564108 -0.39328063241106714
-0.1266025641025641 -0.36363636363636365
-0.10737179487179482 -0.3399209486166008
-0.07852564102564108 -0.3023715415019763
-0.049679487179487225 -0.26877470355731226
-0.019230769230769273 -0.2490118577075099
0.0032051282051281937 -0.22134387351778662
0.024038461538461453 -0.20355731225296447
0.03846153846153855 -0.1679841897233202
0.05769230769230771 -0.1403162055335968
0.07532051282051277 -0.12450592885375489
0.09455128205128216 -0.12252964426877466
0.10096153846153855 -0.11857707509881421
0.11858974358974361 -0.12252964426877466
0.13942307692307687 -0.12252964426877466
0.15865384615384626 -0.12845849802371545
0.1907051282051282 -0.1324110671936759
0.21153846153846145 -0.15019762845849804
0.22435897435897445 -0.1699604743083004
0.22916666666666674 -0.1758893280632411
0.23397435897435903 -0.18181818181818177
0.23397435897435903 -0.17984189723320154
0.23717948717948723 -0.17984189723320154
0.23878205128205132 -0.18577075098814233
0.24198717948717952 -0.18972332015810278
0.23878205128205132 -0.19762845849802368
0.23397435897435903 -0.19367588932806323
0.23397435897435903 -0.18972332015810278
0.24198717948717952 -0.18774703557312256
0.25 -0.19367588932806323
0.2483974358974359 -0.19762845849802368
0.2451923076923077 -0.19762845849802368
0.24198717948717952 -0.1996047430830039
0.2435897435897436 -0.18972332015810278
0.25 -0.19367588932806323
0.2548076923076923 -0.19762845849802368
0.2516025641025641 -0.1996047430830039
0.2516025641025641 -0.20158102766798414
0.25 -0.19762845849802368
0.2467948717948718 -0.191699604743083
0.2532051282051282 -0.18972332015810278
0.2580128205128205 -0.191699604743083
0.2580128205128205 -0.1996047430830039
0.2548076923076923 -0.1996047430830039
0.2548076923076923 -0.1996047430830039
0.2580128205128205 -0.19367588932806323
0.2628205128205128 -0.191699604743083
0.26602564102564097 -0.19367588932806323
0.26442307692307687 -0.19762845849802368
0.26602564102564097 -0.20355731225296447
0.2628205128205128 -0.20158102766798414
0.26762820512820507 -0.191699604743083
0.27243589743589736 -0.18774703557312256
0.27243589743589736 -0.19367588932806323
0.26762820512820507 -0.19762845849802368
0.26762820512820507 -0.19762845849802368
0.27083333333333326 -0.19565217391304346
0.27564102564102555 -0.18972332015810278
0.27564102564102555 -0.1837944664031621
0.27884615384615374 -0.1837944664031621
0.27724358974358965 -0.191699604743083
0.27884615384615374 -0.18972332015810278
0.28044871794871784 -0.18577075098814233
0.28205128205128216 -0.18181818181818177
0.29006410256410264 -0.1758893280632411
0.29326923076923084 -0.17984189723320154
0.29326923076923084 -0.18181818181818177
0.29166666666666674 -0.18181818181818177
0.29326923076923084 -0.17786561264822132
0.29326923076923084 -0.17193675889328064
0.3012820512820513 -0.17193675889328064
0.3028846153846154 -0.17391304347826086
0.3044871794871795 -0.17786561264822132
0.3060897435897436 -0.1758893280632411
0.3044871794871795 -0.1699604743083004
0.3125 -0.16600790513833996
0.3141025641025641 -0.16403162055335974
0.3173076923076923 -0.1620553359683794
0.3173076923076923 -0.16600790513833996
0.3205128205128205 -0.1699604743083004
0.3157051282051282 -0.1620553359683794
0.3221153846153846 -0.15612648221343872
0.32692307692307687 -0.1541501976284585
0.33173076923076916 -0.1541501976284585
0.33173076923076916 -0.15810276679841895
0.33012820512820507 -0.15810276679841895
0.33173076923076916 -0.15217391304347827
0.33493589743589736 -0.14822134387351782
0.33814102564102555 -0.14229249011857703
0.33814102564102555 -0.14426877470355737
0.33974358974358965 -0.14426877470355737
0.33814102564102555 -0.14822134387351782
0.34134615384615374 -0.14229249011857703
0.34615384615384626 -0.13636363636363635
0.35256410256410264 -0.1324110671936759
0.35576923076923084 -0.13438735177865613
0.35737179487179493 -0.13636363636363635
0.35737179487179493 -0.13636363636363635
0.35256410256410264 -0.1324110671936759
0.35416666666666674 -0.12845849802371545
0.35576923076923084 -0.12252964426877466
0.3669871794871795 -0.12648221343873522
0.3637820512820513 -0.13043478260869568
0.36057692307692313 -0.12845849802371545
0.35897435897435903 -0.12450592885375489
0.3621794871794872 -0.12055335968379444
0.3653846153846154 -0.11462450592885376
0.3685897435897436 -0.11857707509881421
0.3717948717948718 -0.12845849802371545
0.3621794871794872 -0.12055335968379444
0.3653846153846154 -0.12252964426877466
0.3653846153846154 -0.11660079051383399
0.3701923076923077 -0.11264822134387353
0.3717948717948718 -0.12055335968379444
0.3685897435897436 -0.12252964426877466
0.36057692307692313 -0.12450592885375489
0.35897435897435903 -0.12252964426877466
0.35897435897435903 -0.12055335968379444
0.35737179487179493 -0.12055335968379444
0.36057692307692313 -0.12648221343873522
0.35096153846153855 -0.12845849802371545
0.35576923076923084 -0.13043478260869568
0.35576923076923084 -0.12845849802371545
0.35256410256410264 -0.13043478260869568
0.35256410256410264 -0.12648221343873522
0.35576923076923084 -0.12648221343873522
0.35096153846153855 -0.1324110671936759
0.34455128205128216 -0.13636363636363635
0.34294871794871784 -0.13833992094861658
0.34455128205128216 -0.12845849802371545
0.34935897435897445 -0.13043478260869568
0.34615384615384626 -0.13438735177865613
0.34294871794871784 -0.13833992094861658
0.33974358974358965 -0.13833992094861658
0.33493589743589736 -0.1403162055335968
0.33493589743589736 -0.1403162055335968
0.33653846153846145 -0.1403162055335968
0.33333333333333326 -0.13833992094861658
0.33333333333333326 -0.14229249011857703
0.3253205128205128 -0.1462450592885376
0.3189102564102564 -0.14426877470355737
0.3253205128205128 -0.1462450592885376
0.3237179487179487 -0.14426877470355737
0.3253205128205128 -0.14426877470355737
0.32692307692307687 -0.14822134387351782
0.3189102564102564 -0.16007905138339917
0.3108974358974359 -0.16007905138339917
0.3125 -0.15612648221343872
0.3141025641025641 -0.15217391304347827
0.3173076923076923 -0.1620553359683794
0.3141025641025641 -0.16403162055335974
0.3108974358974359 -0.16403162055335974
0.3092948717948718 -0.16403162055335974
0.3108974358974359 -0.16600790513833996
0.3108974358974359 -0.16600790513833996
0.3125 -0.1620553359683794
0.3076923076923077 -0.1699604743083004
0.3044871794871795 -0.17193675889328064
0.3012820512820513 -0.1699604743083004
0.29807692307692313 -0.1699604743083004
0.3012820512820513 -0.1679841897233202
0.3012820512820513 -0.17193675889328064
0.2996794871794872 -0.1758893280632411
0.29487179487179493 -0.17984189723320154
0.29326923076923084 -0.17786561264822132
0.29326923076923084 -0.17984189723320154
0.29326923076923084 -0.17984189723320154
0.29487179487179493 -0.18181818181818177
0.29006410256410264 -0.18577075098814233
0.28044871794871784 -0.18774703557312256
0.28365384615384626 -0.18774703557312256
0.28525641025641035 -0.18774703557312256
0.28365384615384626 -0.1837944664031621
0.27884615384615374 -0.191699604743083
0.27884615384615374 -0.19762845849802368
0.27724358974358965 -0.19762845849802368
0.26923076923076916 -0.19762845849802368
0.27083333333333326 -0.19565217391304346
0.27564102564102555 -0.19565217391304346
0.27243589743589736 -0.20355731225296447
0.27083333333333326 -0.2055335968379447
0.2612179487179487 -0.21146245059288538
0.2596153846153846 -0.20948616600790515
0.2596153846153846 -0.20355731225296447
0.2596153846153846 -0.1996047430830039
0.2628205128205128 -0.20750988142292492
0.2628205128205128 -0.21541501976284583
0.2548076923076923 -0.21739130434782605
0.2516025641025641 -0.21739130434782605
0.2532051282051282 -0.2134387351778656
0.2532051282051282 -0.20948616600790515
0.2548076923076923 -0.21541501976284583
0.2483974358974359 -0.22134387351778662
0.25 -0.22134387351778662
0.2451923076923077 -0.22134387351778662
0.2451923076923077 -0.21739130434782605
0.24198717948717952 -0.2134387351778656
0.2451923076923077 -0.21739130434782605
0.2451923076923077 -0.22134387351778662
0.24038461538461542 -0.2272727272727273
0.23717948717948723 -0.2272727272727273
0.23717948717948723 -0.21936758893280628
0.24038461538461542 -0.21739130434782605
0.24038461538461542 -0.2272727272727273
0.23717948717948723 -0.22924901185770752
0.23237179487179493 -0.23122529644268774
0.22916666666666674 -0.2272727272727273
0.22435897435897445 -0.23122529644268774
0.22756410256410264 -0.21936758893280628
0.23397435897435903 -0.22529644268774707
0.23076923076923084 -0.23715415019762842
0.22115384615384626 -0.23913043478260865
0.22435897435897445 -0.23320158102766797
0.22916666666666674 -0.22529644268774707
0.23076923076923084 -0.2272727272727273
0.23397435897435903 -0.2272727272727273
0.23076923076923084 -0.2351778656126482
0.22596153846153855 -0.23913043478260865
0.22596153846153855 -0.23122529644268774
0.22756410256410264 -0.22529644268774707
0.23076923076923084 -0.22134387351778662
0.22596153846153855 -0.23122529644268774
0.22435897435897445 -0.2351778656126482
0.22435897435897445 -0.2351778656126482
0.21634615384615374 -0.2351778656126482
0.22275641025641035 -0.23122529644268774
0.22756410256410264 -0.2272727272727273
0.22916666666666674 -0.22924901185770752
0.22596153846153855 -0.23122529644268774
0.21794871794871784 -0.23715415019762842
0.22115384615384626 -0.2351778656126482
0.22275641025641035 -0.23320158102766797
0.22596153846153855 -0.22332015810276684
0.22596153846153855 -0.2272727272727273
0.22435897435897445 -0.23715415019762842
0.21955128205128216 -0.23913043478260865
0.21794871794871784 -0.23320158102766797
0.22115384615384626 -0.22924901185770752
0.22275641025641035 -0.22332015810276684
0.22115384615384626 -0.22529644268774707
0.22115384615384626 -0.2272727272727273
0.22115384615384626 -0.23122529644268774
0.22435897435897445 -0.2272727272727273
0.23237179487179493 -0.21936758893280628
0.23237179487179493 -0.21541501976284583
0.23717948717948723 -0.21739130434782605
0.23397435897435903 -0.22134387351778662
0.22916666666666674 -0.22134387351778662
0.23076923076923084 -0.21541501976284583
0.23237179487179493 -0.2134387351778656
0.23397435897435903 -0.2134387351778656
0.23076923076923084 -0.21936758893280628
0.22756410256410264 -0.22529644268774707
0.22756410256410264 -0.2272727272727273
0.22916666666666674 -0.2272727272727273
0.22756410256410264 -0.22134387351778662
0.23076923076923084 -0.22134387351778662
0.23237179487179493 -0.2272727272727273
0.22596153846153855 -0.23715415019762842
0.22275641025641035 -0.24505928853754944
0.22115384615384626 -0.23715415019762842
0.22275641025641035 -0.2351778656126482
0.22275641025641035 -0.2351778656126482
0.22115384615384626 -0.23913043478260865
0.21794871794871784 -0.24505928853754944
0.20993589743589736 -0.24505928853754944
0.20993589743589736 -0.24505928853754944
0.21314102564102555 -0.23913043478260865
0.21955128205128216 -0.23320158102766797
0.22115384615384626 -0.23320158102766797
0.22115384615384626 -0.2430830039525692
0.21955128205128216 -0.2490118577075099
0.21794871794871784 -0.2430830039525692
0.21794871794871784 -0.2351778656126482
0.21955128205128216 -0.23122529644268774
0.22275641025641035 -0.23320158102766797
0.22115384615384626 -0.2351778656126482
0.21634615384615374 -0.23913043478260865
0.21634615384615374 -0.23122529644268774
0.21794871794871784 -0.22924901185770752
0.22275641025641035 -0.23122529644268774
0.22115384615384626 -0.22924901185770752
0.21955128205128216 -0.2351778656126482
0.21634615384615374 -0.23913043478260865
0.21314102564102555 -0.23320158102766797
0.21634615384615374 -0.23122529644268774
0.22115384615384626 -0.22529644268774707
0.21955128205128216 -0.23320158102766797
0.21634615384615374 -0.23715415019762842
0.21634615384615374 -0.23715415019762842
0.21314102564102555 -0.23122529644268774
0.21794871794871784 -0.2272727272727273
0.21794871794871784 -0.23320158102766797
0.22115384615384626 -0.22924901185770752
0.21634615384615374 -0.23122529644268774
0.21474358974358965 -0.2351778656126482
0.21474358974358965 -0.23320158102766797
0.21634615384615374 -0.2272727272727273
0.22275641025641035 -0.23122529644268774
0.22275641025641035 -0.2272727272727273
0.21634615384615374 -0.23122529644268774
0.21634615384615374 -0.22924901185770752
0.21474358974358965 -0.23122529644268774
0.21794871794871784 -0.23122529644268774
0.22275641025641035 -0.2272727272727273
0.21794871794871784 -0.22924901185770752
0.21634615384615374 -0.23122529644268774
0.21474358974358965 -0.23320158102766797
0.21634615384615374 -0.23122529644268774
0.21955128205128216 -0.2272727272727273
0.22275641025641035 -0.22924901185770752
0.22435897435897445 -0.2272727272727273
0.21955128205128216 -0.23122529644268774
0.21634615384615374 -0.2272727272727273
0.21634615384615374 -0.22924901185770752
0.22275641025641035 -0.23122529644268774
0.22115384615384626 -0.22924901185770752
0.22596153846153855 -0.22924901185770752
0.22115384615384626 -0.2272727272727273
0.22115384615384626 -0.23320158102766797
0.21794871794871784 -0.22924901185770752
0.21794871794871784 -0.23122529644268774
0.22596153846153855 -0.22924901185770752
0.22756410256410264 -0.22529644268774707
0.22916666666666674 -0.22332015810276684
0.22596153846153855 -0.23122529644268774
0.22115384615384626 -0.22924901185770752
0.22756410256410264 -0.23122529644268774
0.23237179487179493 -0.23320158102766797
0.23237179487179493 -0.22924901185770752
0.22115384615384626 -0.23122529644268774
0.21153846153846145 -0.2351778656126482
0.20352564102564097 -0.2430830039525692
0.19711538461538458 -0.24703557312252966
0.1907051282051282 -0.25296442687747034
0.17948717948717952 -0.26086956521739135
0.16826923076923084 -0.2727272727272727
0.15865384615384626 -0.29051383399209485
0.14423076923076916 -0.30632411067193677
0.11858974358974361 -0.31818181818181823
0.09775641025641035 -0.3300395256916996
0.08173076923076916 -0.3537549407114624
0.06891025641025639 -0.3893280632411067
0.03846153846153855 -0.4209486166007905
0.0016025641025640969 -0.43675889328063244
-0.04487179487179482 -0.44664031620553357
-0.10737179487179482 -0.4426877470355731
-0.16025641025641024 -0.4347826086956522
-0.17788461538461542 -0.4268774703557312
-0.16185897435897434 -0.42292490118577075
-0.14102564102564108 -0.39920948616600793
-0.12019230769230771 -0.3754940711462451
-0.09455128205128205 -0.33596837944664026
-0.06891025641025639 -0.30632411067193677
-0.038461538461538436 -0.27667984189723316
-0.014423076923076872 -0.2569169960474308
0.012820512820512775 -0.2272727272727273
0.03525641025641035 -0.18774703557312256
0.0625 -0.15019762845849804
0.07852564102564097 -0.13438735177865613
0.09615384615384626 -0.12450592885375489
0.10576923076923084 -0.11857707509881421
0.11538461538461542 -0.11660079051383399
0.14102564102564097 -0.11264822134387353
0.16666666666666674 -0.11660079051383399
0.1939102564102564 -0.12252964426877466
0.21634615384615374 -0.14822134387351782
0.22756410256410264 -0.16600790513833996
0.23237179487179493 -0.17786561264822132
0.23717948717948723 -0.17193675889328064
0.2467948717948718 -0.1758893280632411
0.2483974358974359 -0.1837944664031621
0.2467948717948718 -0.18774703557312256
0.2467948717948718 -0.19762845849802368
0.2435897435897436 -0.19762845849802368
0.25 -0.18774703557312256
0.2532051282051282 -0.1837944664031621
0.25 -0.18577075098814233
0.25 -0.19367588932806323
0.2483974358974359 -0.1996047430830039
0.2483974358974359 -0.1996047430830039
0.2548076923076923 -0.18577075098814233
0.2548076923076923 -0.1837944664031621
0.2612179487179487 -0.18774703557312256
0.26602564102564097 -0.19762845849802368
0.2580128205128205 -0.20355731225296447
0.2596153846153846 -0.1996047430830039
0.2564102564102564 -0.18774703557312256
0.2628205128205128 -0.1837944664031621
0.26442307692307687 -0.18972332015810278
0.26602564102564097 -0.19367588932806323
0.2628205128205128 -0.19762845849802368
0.26442307692307687 -0.18972332015810278
0.26762820512820507 -0.18774703557312256
0.27243589743589736 -0.18972332015810278
0.27083333333333326 -0.18774703557312256
0.27243589743589736 -0.19367588932806323
0.26762820512820507 -0.19565217391304346
0.26923076923076916 -0.19367588932806323
0.27243589743589736 -0.18774703557312256
0.27884615384615374 -0.17984189723320154
0.27884615384615374 -0.18774703557312256
0.27884615384615374 -0.19367588932806323
0.27564102564102555 -0.18972332015810278
0.27724358974358965 -0.18577075098814233
0.28205128205128216 -0.17984189723320154
0.28365384615384626 -0.17786561264822132
0.28685897435897445 -0.17786561264822132
0.28846153846153855 -0.18577075098814233
0.28525641025641035 -0.18577075098814233
0.28525641025641035 -0.18181818181818177
0.29006410256410264 -0.17391304347826086
0.29326923076923084 -0.17391304347826086
0.29487179487179493 -0.17786561264822132
0.29326923076923084 -0.17786561264822132
0.29807692307692313 -0.17786561264822132
0.29647435897435903 -0.1758893280632411
0.3028846153846154 -0.1679841897233202
0.3060897435897436 -0.1679841897233202
0.3076923076923077 -0.16600790513833996
0.3108974358974359 -0.16600790513833996
0.3092948717948718 -0.1620553359683794
0.3108974358974359 -0.16007905138339917
0.3157051282051282 -0.16007905138339917
0.3157051282051282 -0.15612648221343872
0.3253205128205128 -0.15612648221343872
0.32692307692307687 -0.15217391304347827
0.3221153846153846 -0.16007905138339917
0.32692307692307687 -0.15217391304347827
0.32852564102564097 -0.15019762845849804
0.33333333333333326 -0.14426877470355737
0.34134615384615374 -0.1462450592885376
0.33974358974358965 -0.14822134387351782
0.33974358974358965 -0.14426877470355737
0.33653846153846145 -0.14229249011857703
0.33814102564102555 -0.13438735177865613
0.34455128205128216 -0.13636363636363635
0.35096153846153855 -0.13438735177865613
0.35096153846153855 -0.13636363636363635
0.34935897435897445 -0.13438735177865613
0.34455128205128216 -0.13438735177865613
0.35256410256410264 -0.13043478260869568
0.36057692307692313 -0.12450592885375489
0.3637820512820513 -0.12252964426877466
0.3637820512820513 -0.11857707509881421
0.35897435897435903 -0.12450592885375489
0.35897435897435903 -0.12055335968379444
0.36057692307692313 -0.12252964426877466
0.3669871794871795 -0.11857707509881421
0.3701923076923077 -0.11462450592885376
0.3685897435897436 -0.11067193675889331
0.3669871794871795 -0.11264822134387353
0.3637820512820513 -0.11660079051383399
0.3685897435897436 -0.11857707509881421
0.3717948717948718 -0.11264822134387353
0.3701923076923077 -0.10671936758893286
0.3701923076923077 -0.11067193675889331
0.3637820512820513 -0.11067193675889331
0.3637820512820513 -0.11462450592885376
0.3669871794871795 -0.11462450592885376
0.3685897435897436 -0.10869565217391308
0.3685897435897436 -0.1027667984189723
0.3685897435897436 -0.11067193675889331
0.36057692307692313 -0.11067193675889331
0.35737179487179493 -0.11660079051383399
0.35897435897435903 -0.12055335968379444
0.3637820512820513 -0.11067193675889331
0.35737179487179493 -0.10869565217391308
0.36057692307692313 -0.11067193675889331
0.35256410256410264 -0.12450592885375489
0.35096153846153855 -0.12252964426877466
0.34615384615384626 -0.12055335968379444
0.35256410256410264 -0.11067193675889331
0.35256410256410264 -0.11264822134387353
0.34455128205128216 -0.12055335968379444
0.33814102564102555 -0.13043478260869568
0.34134615384615374 -0.1324110671936759
0.33974358974358965 -0.12252964426877466
0.34294871794871784 -0.11462450592885376
0.34134615384615374 -0.11857707509881421
0.33814102564102555 -0.12648221343873522
0.33173076923076916 -0.13438735177865613
0.33173076923076916 -0.13636363636363635
0.33012820512820507 -0.13438735177865613
0.33012820512820507 -0.12845849802371545
0.33012820512820507 -0.13043478260869568
0.3253205128205128 -0.13833992094861658
0.3205128205128205 -0.14229249011857703
0.3205128205128205 -0.14822134387351782
0.3189102564102564 -0.14229249011857703
0.3205128205128205 -0.1403162055335968
0.3189102564102564 -0.13833992094861658
0.3125 -0.14229249011857703
0.3092948717948718 -0.16007905138339917
0.3092948717948718 -0.15217391304347827
0.3092948717948718 -0.1541501976284585
0.3092948717948718 -0.14426877470355737
0.3076923076923077 -0.14822134387351782
0.3076923076923077 -0.15612648221343872
0.3012820512820513 -0.1620553359683794
0.29647435897435903 -0.1620553359683794
0.3028846153846154 -0.15810276679841895
0.3028846153846154 -0.15612648221343872
0.3012820512820513 -0.15810276679841895
0.29807692307692313 -0.16600790513833996
0.29006410256410264 -0.1699604743083004
0.28685897435897445 -0.17193675889328064
0.29006410256410264 -0.16600790513833996
0.29006410256410264 -0.16403162055335974
0.29487179487179493 -0.16403162055335974
0.29166666666666674 -0.1758893280632411
0.28365384615384626 -0.1837944664031621
0.28044871794871784 -0.1837944664031621
0.28205128205128216 -0.1758893280632411
0.28365384615384626 -0.1699604743083004
0.28525641025641035 -0.17984189723320154
0.28044871794871784 -0.18577075098814233
0.27564102564102555 -0.18972332015810278
0.27083333333333326 -0.1837944664031621
0.27403846153846145 -0.18577075098814233
0.27403846153846145 -0.1837944664031621
0.26602564102564097 -0.18774703557312256
0.26923076923076916 -0.19762845849802368
0.26442307692307687 -0.20158102766798414
0.2628205128205128 -0.19762845849802368
0.2596153846153846 -0.191699604743083
0.26442307692307687 -0.191699604743083
0.26442307692307687 -0.20355731225296447
0.2564102564102564 -0.20158102766798414
0.2516025641025641 -0.2055335968379447
0.2483974358974359 -0.20355731225296447
0.2516025641025641 -0.20355731225296447
0.2516025641025641 -0.20355731225296447
0.25 -0.20158102766798414
0.2467948717948718 -0.20948616600790515
0.2451923076923077 -0.2134387351778656
0.23878205128205132 -0.20750988142292492
0.23717948717948723 -0.2055335968379447
0.24198717948717952 -0.20355731225296447
0.2435897435897436 -0.20948616600790515
0.23397435897435903 -0.2134387351778656
0.23076923076923084 -0.21936758893280628
0.23076923076923084 -0.20948616600790515
0.23237179487179493 -0.20948616600790515
0.23397435897435903 -0.20948616600790515
0.23397435897435903 -0.21541501976284583
0.23237179487179493 -0.21739130434782605
0.22756410256410264 -0.21541501976284583
0.22435897435897445 -0.2134387351778656
0.22756410256410264 -0.21541501976284583
0.23076923076923084 -0.21541501976284583
0.23237179487179493 -0.21541501976284583
0.22916666666666674 -0.21936758893280628
0.22435897435897445 -0.22332015810276684
0.21955128205128216 -0.21739130434782605
0.22435897435897445 -0.2134387351778656
0.22596153846153855 -0.2134387351778656
0.22756410256410264 -0.21936758893280628
0.22596153846153855 -0.22134387351778662
0.22115384615384626 -0.22134387351778662
0.21794871794871784 -0.21541501976284583
0.22115384615384626 -0.21541501976284583
0.22756410256410264 -0.2134387351778656
0.22435897435897445 -0.21936758893280628
0.22275641025641035 -0.21739130434782605
0.21634615384615374 -0.21739130434782605
0.21955128205128216 -0.21739130434782605
0.21634615384615374 -0.21541501976284583
0.22275641025641035 -0.2134387351778656
0.22435897435897445 -0.21739130434782605
0.21794871794871784 -0.21739130434782605
0.21794871794871784 -0.21739130434782605
0.21794871794871784 -0.21541501976284583
0.21955128205128216 -0.2134387351778656
0.22115384615384626 -0.21541501976284583
0.22435897435897445 -0.21739130434782605
0.21634615384615374 -0.21739130434782605
0.21314102564102555 -0.21936758893280628
0.21474358974358965 -0.2134387351778656
0.20833333333333326 -0.2055335968379447
0.21794871794871784 -0.21146245059288538
0.22275641025641035 -0.20948616600790515
0.22275641025641035 -0.20948616600790515
0.22275641025641035 -0.2055335968379447
0.21955128205128216 -0.20750988142292492
0.22435897435897445 -0.2055335968379447
0.23397435897435903 -0.20158102766798414
0.23557692307692313 -0.19762845849802368
0.22916666666666674 -0.19565217391304346
0.23237179487179493 -0.1996047430830039
0.22756410256410264 -0.20158102766798414
0.22756410256410264 -0.20355731225296447
0.22916666666666674 -0.20948616600790515
0.22756410256410264 -0.20355731225296447
0.22435897435897445 -0.2055335968379447
0.22435897435897445 -0.20750988142292492
0.22115384615384626 -0.2134387351778656
0.22275641025641035 -0.21541501976284583
0.22756410256410264 -0.21739130434782605
0.22435897435897445 -0.21541501976284583
0.21794871794871784 -0.21936758893280628
0.21474358974358965 -0.22332015810276684
0.20833333333333326 -0.2272727272727273
0.21153846153846145 -0.22529644268774707
0.21314102564102555 -0.2272727272727273
0.20833333333333326 -0.22134387351778662
0.20993589743589736 -0.22529644268774707
0.20833333333333326 -0.22924901185770752
0.20673076923076916 -0.23122529644268774
0.21314102564102555 -0.22332015810276684
0.21794871794871784 -0.22332015810276684
0.21634615384615374 -0.21739130434782605
0.21634615384615374 -0.21936758893280628
0.21153846153846145 -0.22332015810276684
0.20833333333333326 -0.2272727272727273
0.21314102564102555 -0.22332015810276684
0.21314102564102555 -0.21936758893280628
0.21794871794871784 -0.21739130434782605
0.21474358974358965 -0.21739130434782605
0.20993589743589736 -0.21936758893280628
0.20512820512820507 -0.22332015810276684
0.20833333333333326 -0.22332015810276684
0.20993589743589736 -0.22134387351778662
0.20993589743589736 -0.21739130434782605
0.20833333333333326 -0.21146245059288538
0.20833333333333326 -0.21541501976284583
0.20673076923076916 -0.22332015810276684
0.21314102564102555 -0.22134387351778662
0.20833333333333326 -0.21541501976284583
0.20993589743589736 -0.21739130434782605
0.21153846153846145 -0.21541501976284583
0.20673076923076916 -0.22134387351778662
0.20833333333333326 -0.22134387351778662
0.20993589743589736 -0.22134387351778662
0.21314102564102555 -0.21936758893280628
0.21474358974358965 -0.21739130434782605
0.21634615384615374 -0.2134387351778656
0.21634615384615374 -0.22134387351778662
0.21153846153846145 -0.21936758893280628
0.20833333333333326 -0.21936758893280628
0.20993589743589736 -0.21739130434782605
0.21474358974358965 -0.2134387351778656
0.20993589743589736 -0.21541501976284583
0.21153846153846145 -0.22529644268774707
0.20833333333333326 -0.22529644268774707
0.20833333333333326 -0.22529644268774707
0.21314102564102555 -0.21146245059288538
0.21634615384615374 -0.2055335968379447
0.21153846153846145 -0.2134387351778656
0.20833333333333326 -0.22529644268774707
0.20512820512820507 -0.22332015810276684
0.20512820512820507 -0.22134387351778662
0.20833333333333326 -0.20948616600790515
0.20673076923076916 -0.20750988142292492
0.20512820512820507 -0.21739130434782605
0.20192307692307687 -0.22134387351778662
0.20032051282051277 -0.22134387351778662
0.20673076923076916 -0.2134387351778656
0.20993589743589736 -0.2055335968379447
0.20833333333333326 -0.20948616600790515
0.20993589743589736 -0.21739130434782605
0.20833333333333326 -0.2272727272727273
0.20833333333333326 -0.22134387351778662
0.21153846153846145 -0.21146245059288538
0.21955128205128216 -0.20750988142292492
0.21794871794871784 -0.21146245059288538
0.21794871794871784 -0.22134387351778662
0.21634615384615374 -0.22332015810276684
0.21153846153846145 -0.2134387351778656
0.20833333333333326 -0.2134387351778656
0.20032051282051277 -0.2134387351778656
0.1939102564102564 -0.2272727272727273
0.1810897435897436 -0.24110671936758898
0.16346153846153855 -0.25296442687747034
0.15064102564102555 -0.2648221343873518
0.14102564102564097 -0.27667984189723316
0.11698717948717952 -0.2964426877470355
0.09134615384615374 -0.3221343873517787
0.0625 -0.35573122529644263
0.03525641025641035 -0.3952569169960475
0.0016025641025640969 -0.432806324110672
-0.04647435897435892 -0.450592885375494
-0.11378205128205132 -0.4486166007905138
-0.16987179487179482 -0.43675889328063244
-0.1939102564102564 -0.424901185770751
-0.17628205128205132 -0.4169960474308301
-0.15064102564102566 -0.3972332015810277
-0.11858974358974361 -0.35770750988142297
-0.09294871794871795 -0.30632411067193677
-0.07051282051282048 -0.27470355731225293
-0.03525641025641024 -0.24703557312252966
-0.0032051282051281937 -0.21936758893280628
0.017628205128205066 -0.18181818181818177
0.044871794871794934 -0.13438735177865613
0.06730769230769229 -0.10474308300395252
0.08173076923076916 -0.09486166007905139
0.09294871794871784 -0.09486166007905139
0.10576923076923084 -0.09881422924901184
0.1298076923076923 -0.09683794466403162
0.15544871794871784 -0.09881422924901184
0.1842948717948718 -0.10869565217391308
0.20352564102564097 -0.12450592885375489
0.21634615384615374 -0.15019762845849804
0.22275641025641035 -0.16007905138339917
0.22916666666666674 -0.16600790513833996
0.23397435897435903 -0.16403162055335974
0.24038461538461542 -0.1620553359683794
0.23717948717948723 -0.17391304347826086
0.23397435897435903 -0.1837944664031621
0.23557692307692313 -0.18972332015810278
0.23557692307692313 -0.18181818181818177
0.23878205128205132 -0.17786561264822132
0.24038461538461542 -0.1758893280632411
0.2435897435897436 -0.18577075098814233
0.2467948717948718 -0.191699604743083
0.24198717948717952 -0.18972332015810278
0.2435897435897436 -0.18577075098814233
0.2467948717948718 -0.17786561264822132
0.2451923076923077 -0.17786561264822132
0.2516025641025641 -0.18774703557312256
0.2467948717948718 -0.18577075098814233
0.2451923076923077 -0.18577075098814233
0.2451923076923077 -0.18181818181818177
0.2516025641025641 -0.17984189723320154
0.2532051282051282 -0.1837944664031621
0.2564102564102564 -0.18972332015810278
0.2532051282051282 -0.18577075098814233
0.2467948717948718 -0.18774703557312256
0.2516025641025641 -0.17984189723320154
0.2548076923076923 -0.17786561264822132
0.2596153846153846 -0.17984189723320154
0.2580128205128205 -0.18577075098814233
0.2580128205128205 -0.1837944664031621
0.2596153846153846 -0.18181818181818177
0.2580128205128205 -0.18181818181818177
0.26442307692307687 -0.17984189723320154
0.26762820512820507 -0.18181818181818177
0.27083333333333326 -0.17984189723320154
0.27083333333333326 -0.17984189723320154
0.2628205128205128 -0.17984189723320154
0.2628205128205128 -0.17786561264822132
0.27243589743589736 -0.17786561264822132
0.27564102564102555 -0.17391304347826086
0.27884615384615374 -0.1758893280632411
0.27724358974358965 -0.17391304347826086
0.27724358974358965 -0.17193675889328064
0.27884615384615374 -0.17391304347826086
0.27884615384615374 -0.1699604743083004
0.28525641025641035 -0.17193675889328064
0.29006410256410264 -0.16600790513833996
0.28685897435897445 -0.17193675889328064
0.29006410256410264 -0.1679841897233202
0.29326923076923084 -0.16007905138339917
0.2996794871794872 -0.1620553359683794
0.3044871794871795 -0.16403162055335974
0.3060897435897436 -0.1620553359683794
0.2996794871794872 -0.15810276679841895
0.2996794871794872 -0.1541501976284585
0.3012820512820513 -0.1541501976284585
0.3060897435897436 -0.15019762845849804
0.3189102564102564 -0.1462450592885376
0.3173076923076923 -0.1462450592885376
0.3189102564102564 -0.1403162055335968
0.3157051282051282 -0.14426877470355737
0.3189102564102564 -0.14426877470355737
0.3237179487179487 -0.14229249011857703
0.32852564102564097 -0.13833992094861658
0.33012820512820507 -0.12845849802371545
0.33012820512820507 -0.13043478260869568
0.33012820512820507 -0.13438735177865613
0.33012820512820507 -0.1324110671936759
0.33653846153846145 -0.1324110671936759
0.34134615384615374 -0.12450592885375489
0.34455128205128216 -0.11660079051383399
0.34294871794871784 -0.11660079051383399
0.33814102564102555 -0.12450592885375489
0.34134615384615374 -0.12252964426877466
0.34615384615384626 -0.12055335968379444
0.34775641025641035 -0.11067193675889331
0.35416666666666674 -0.10869565217391308
0.35096153846153855 -0.11462450592885376
0.35096153846153855 -0.11660079051383399
0.34775641025641035 -0.12055335968379444
0.35416666666666674 -0.11462450592885376
0.35897435897435903 -0.10671936758893286
0.36057692307692313 -0.1027667984189723
0.35576923076923084 -0.11067193675889331
0.35576923076923084 -0.11264822134387353
0.35576923076923084 -0.11660079051383399
0.36057692307692313 -0.10869565217391308
0.36057692307692313 -0.09881422924901184
0.36057692307692313 -0.10079051383399207
0.35576923076923084 -0.11067193675889331
0.35737179487179493 -0.11660079051383399
0.35256410256410264 -0.11660079051383399
0.35256410256410264 -0.11067193675889331
0.35897435897435903 -0.10079051383399207
0.35096153846153855 -0.10869565217391308
0.34935897435897445 -0.11067193675889331
0.34615384615384626 -0.12055335968379444
0.34775641025641035 -0.12055335968379444
0.34455128205128216 -0.11264822134387353
0.34615384615384626 -0.10474308300395252
0.34615384615384626 -0.11067193675889331
0.34455128205128216 -0.11857707509881421
0.33974358974358965 -0.12845849802371545
0.33814102564102555 -0.12648221343873522
0.33653846153846145 -0.11660079051383399
0.33653846153846145 -0.11264822134387353
0.33493589743589736 -0.11660079051383399
0.33333333333333326 -0.13043478260869568
0.32692307692307687 -0.13833992094861658
0.3253205128205128 -0.1324110671936759
0.32692307692307687 -0.12252964426877466
0.32692307692307687 -0.12252964426877466
0.3253205128205128 -0.12845849802371545
0.3237179487179487 -0.13833992094861658
0.3141025641025641 -0.14229249011857703
0.3157051282051282 -0.13833992094861658
0.3141025641025641 -0.12845849802371545
0.3173076923076923 -0.13043478260869568
0.3141025641025641 -0.13833992094861658
0.3125 -0.15019762845849804
0.3060897435897436 -0.15019762845849804
0.3076923076923077 -0.14426877470355737
0.3044871794871795 -0.13636363636363635
0.3076923076923077 -0.14426877470355737
0.3060897435897436 -0.15019762845849804
0.3012820512820513 -0.15217391304347827
0.29807692307692313 -0.15810276679841895
0.29487179487179493 -0.15612648221343872
0.29487179487179493 -0.14822134387351782
0.29647435897435903 -0.14822134387351782
0.29487179487179493 -0.16007905138339917
0.28846153846153855 -0.16600790513833996
0.29006410256410264 -0.16007905138339917
0.28685897435897445 -0.15810276679841895
0.29006410256410264 -0.1541501976284585
0.28846153846153855 -0.15810276679841895
0.28685897435897445 -0.1679841897233202
0.28685897435897445 -0.17391304347826086
0.28044871794871784 -0.1758893280632411
0.28044871794871784 -0.16403162055335974
0.28205128205128216 -0.16600790513833996
0.28205128205128216 -0.16600790513833996
0.28044871794871784 -0.1758893280632411
0.27564102564102555 -0.17984189723320154
0.26762820512820507 -0.17984189723320154
0.27083333333333326 -0.1758893280632411
0.27083333333333326 -0.1758893280632411
0.27243589743589736 -0.1758893280632411
0.26762820512820507 -0.18577075098814233
0.26602564102564097 -0.18972332015810278
0.2628205128205128 -0.19367588932806323
0.2596153846153846 -0.17984189723320154
0.2596153846153846 -0.1837944664031621
0.2628205128205128 -0.18577075098814233
0.2596153846153846 -0.19565217391304346
0.2516025641025641 -0.1996047430830039
0.25 -0.19565217391304346
0.2483974358974359 -0.19762845849802368
0.2451923076923077 -0.19762845849802368
0.2483974358974359 -0.1996047430830039
0.2451923076923077 -0.20355731225296447
0.24198717948717952 -0.2055335968379447
0.23557692307692313 -0.20948616600790515
0.23397435897435903 -0.20355731225296447
0.23397435897435903 -0.20355731225296447
0.24038461538461542 -0.20750988142292492
0.23878205128205132 -0.2134387351778656
0.23557692307692313 -0.21146245059288538
0.23076923076923084 -0.2134387351778656
0.22596153846153855 -0.21146245059288538
0.23076923076923084 -0.2134387351778656
0.23076923076923084 -0.21739130434782605
0.22756410256410264 -0.22134387351778662
0.22435897435897445 -0.21936758893280628
0.22275641025641035 -0.22134387351778662
0.22275641025641035 -0.21541501976284583
0.22115384615384626 -0.2134387351778656
0.22756410256410264 -0.21936758893280628
0.22596153846153855 -0.21936758893280628
0.22115384615384626 -0.22529644268774707
0.21474358974358965 -0.22332015810276684
0.21153846153846145 -0.21739130434782605
0.21794871794871784 -0.21739130434782605
0.21794871794871784 -0.22529644268774707
0.21794871794871784 -0.22529644268774707
0.22115384615384626 -0.2272727272727273
0.21955128205128216 -0.22529644268774707
0.21634615384615374 -0.22332015810276684
0.21634615384615374 -0.21936758893280628
0.21955128205128216 -0.21739130434782605
0.21955128205128216 -0.2272727272727273
0.21634615384615374 -0.2272727272727273
0.21153846153846145 -0.2272727272727273
0.21314102564102555 -0.21936758893280628
0.21474358974358965 -0.21739130434782605
0.21794871794871784 -0.21936758893280628
0.21955128205128216 -0.22332015810276684
0.21634615384615374 -0.22924901185770752
0.21474358974358965 -0.23122529644268774
0.20993589743589736 -0.21936758893280628
0.21153846153846145 -0.21936758893280628
0.21314102564102555 -0.22134387351778662
0.21314102564102555 -0.23122529644268774
0.21153846153846145 -0.23122529644268774
0.21153846153846145 -0.22924901185770752
0.20673076923076916 -0.22134387351778662
0.21314102564102555 -0.22134387351778662
0.21634615384615374 -0.21739130434782605
0.21474358974358965 -0.22529644268774707
0.21153846153846145 -0.23122529644268774
0.20993589743589736 -0.23320158102766797
0.20352564102564097 -0.21936758893280628
0.20833333333333326 -0.21739130434782605
0.21153846153846145 -0.21739130434782605
0.21314102564102555 -0.21739130434782605
0.20993589743589736 -0.23122529644268774
0.21153846153846145 -0.2272727272727273
0.20993589743589736 -0.22332015810276684
0.22115384615384626 -0.20948616600790515
0.22435897435897445 -0.20355731225296447
0.22596153846153855 -0.20948616600790515
0.22275641025641035 -0.21541501976284583
0.22435897435897445 -0.21739130434782605
0.21955128205128216 -0.2055335968379447
0.21794871794871784 -0.20750988142292492
0.22596153846153855 -0.1996047430830039
0.22756410256410264 -0.20750988142292492
0.22435897435897445 -0.21739130434782605
0.21955128205128216 -0.22332015810276684
0.21634615384615374 -0.21936758893280628
0.21634615384615374 -0.2134387351778656
0.22115384615384626 -0.20948616600790515
0.21955128205128216 -0.21541501976284583
0.21634615384615374 -0.22529644268774707
0.21153846153846145 -0.23715415019762842
0.20833333333333326 -0.2351778656126482
0.20833333333333326 -0.22529644268774707
0.21153846153846145 -0.22332015810276684
0.21474358974358965 -0.22924901185770752
0.20673076923076916 -0.24110671936758898
0.20032051282051277 -0.24505928853754944
0.20032051282051277 -0.24505928853754944
0.20673076923076916 -0.23320158102766797
0.21153846153846145 -0.23320158102766797
0.21153846153846145 -0.23320158102766797
0.20673076923076916 -0.24110671936758898
0.20352564102564097 -0.2490118577075099
0.20512820512820507 -0.24110671936758898
0.20993589743589736 -0.23122529644268774
0.21314102564102555 -0.22529644268774707
0.21153846153846145 -0.22332015810276684
0.20673076923076916 -0.23715415019762842
0.20352564102564097 -0.2430830039525692
0.20192307692307687 -0.23715415019762842
0.20192307692307687 -0.22924901185770752
0.20993589743589736 -0.21936758893280628
0.20993589743589736 -0.22529644268774707
0.20673076923076916 -0.23715415019762842
0.20192307692307687 -0.23913043478260865
0.19711538461538458 -0.23715415019762842
0.20512820512820507 -0.2272727272727273
0.20673076923076916 -0.22134387351778662
0.20512820512820507 -0.22529644268774707
0.20192307692307687 -0.2351778656126482
0.20192307692307687 -0.2351778656126482
0.20192307692307687 -0.23913043478260865
0.20192307692307687 -0.22529644268774707
0.20512820512820507 -0.22332015810276684
0.20512820512820507 -0.21936758893280628
0.20352564102564097 -0.2351778656126482
0.20192307692307687 -0.23913043478260865
0.20032051282051277 -0.2351778656126482
0.20512820512820507 -0.2272727272727273
0.20352564102564097 -0.22332015810276684
0.20032051282051277 -0.22332015810276684
0.20352564102564097 -0.23320158102766797
0.20192307692307687 -0.24110671936758898
0.19871794871794868 -0.2351778656126482
0.20352564102564097 -0.22529644268774707
0.20673076923076916 -0.22134387351778662
0.20673076923076916 -0.22134387351778662
0.20352564102564097 -0.2272727272727273
0.20352564102564097 -0.23715415019762842
0.20032051282051277 -0.23320158102766797
0.20192307692307687 -0.22529644268774707
0.20673076923076916 -0.22529644268774707
0.20673076923076916 -0.22529644268774707
0.20352564102564097 -0.22924901185770752
0.20032051282051277 -0.2351778656126482
0.19871794871794868 -0.23715415019762842
0.20352564102564097 -0.22529644268774707
0.20673076923076916 -0.21936758893280628
0.20512820512820507 -0.22332015810276684
0.20032051282051277 -0.22924901185770752
0.19871794871794868 -0.23320158102766797
0.20032051282051277 -0.23122529644268774
0.20512820512820507 -0.2272727272727273
0.20833333333333326 -0.21739130434782605
0.20673076923076916 -0.21739130434782605
0.20512820512820507 -0.2272727272727273
0.20032051282051277 -0.2351778656126482
0.20352564102564097 -0.2351778656126482
0.21474358974358965 -0.22134387351778662
0.21955128205128216 -0.2134387351778656
0.21794871794871784 -0.22134387351778662
0.21634615384615374 -0.22924901185770752
0.20993589743589736 -0.23122529644268774
0.20833333333333326 -0.23122529644268774
0.20673076923076916 -0.2272727272727273
0.19551282051282048 -0.22529644268774707
0.1907051282051282 -0.2351778656126482
0.17948717948717952 -0.2509881422924901
0.16666666666666674 -0.26086956521739135
0.15544871794871784 -0.2628458498023716
0.14583333333333326 -0.26679841897233203
0.13301282051282048 -0.2786561264822134
0.11378205128205132 -0.29841897233201586
0.08814102564102555 -0.32806324110671936
0.06730769230769229 -0.3537549407114624
0.049679487179487225 -0.37944664031620556
0.03846153846153855 -0.4031620553359684
0.014423076923076872 -0.432806324110672
-0.028846153846153855 -0.4565217391304348
-0.08173076923076927 -0.47233201581027673
-0.14743589743589747 -0.4644268774703557
-0.1810897435897436 -0.4486166007905138
-0.1826923076923077 -0.43675889328063244
-0.16025641025641024 -0.4189723320158103
-0.14583333333333337 -0.4110671936758893
-0.1266025641025641 -0.3913043478260869
-0.11217948717948723 -0.36363636363636365
-0.09294871794871795 -0.32608695652173914
-0.07051282051282048 -0.2865612648221344
-0.03685897435897434 -0.258893280632411
-0.009615384615384581 -0.23320158102766797
0.014423076923076872 -0.2134387351778656
0.03205128205128216 -0.17786561264822132
0.04807692307692313 -0.1403162055335968
0.06730769230769229 -0.10869565217391308
0.08173076923076916 -0.09683794466403162
0.09775641025641035 -0.09486166007905139
0.10576923076923084 -0.09486166007905139
0.1282051282051282 -0.10474308300395252
0.14743589743589736 -0.10671936758893286
0.17628205128205132 -0.10869565217391308
0.20032051282051277 -0.12648221343873522
0.21634615384615374 -0.1541501976284585
0.21955128205128216 -0.1699604743083004
0.22275641025641035 -0.1758893280632411
0.22596153846153855 -0.17193675889328064
0.23237179487179493 -0.1758893280632411
0.23397435897435903 -0.17984189723320154
0.23717948717948723 -0.18181818181818177
0.23717948717948723 -0.191699604743083
0.23717948717948723 -0.18774703557312256
0.23878205128205132 -0.1837944664031621
0.24038461538461542 -0.17984189723320154
0.23878205128205132 -0.1837944664031621
0.24198717948717952 -0.19367588932806323
0.23557692307692313 -0.19762845849802368
0.22916666666666674 -0.191699604743083
0.22916666666666674 -0.1837944664031621
0.23237179487179493 -0.17786561264822132
0.2451923076923077 -0.17786561264822132
0.23878205128205132 -0.18972332015810278
0.23878205128205132 -0.19565217391304346
0.23878205128205132 -0.19367588932806323
0.23557692307692313 -0.18577075098814233
0.2435897435897436 -0.18181818181818177
0.25 -0.18181818181818177
0.2483974358974359 -0.191699604743083
0.2483974358974359 -0.191699604743083
0.2467948717948718 -0.191699604743083
0.2451923076923077 -0.18577075098814233
0.2548076923076923 -0.17984189723320154
0.2596153846153846 -0.17786561264822132
0.2596153846153846 -0.18774703557312256
0.2548076923076923 -0.191699604743083
0.2516025641025641 -0.18774703557312256
0.2516025641025641 -0.17786561264822132
0.25 -0.18181818181818177
0.2628205128205128 -0.17984189723320154
0.26442307692307687 -0.18774703557312256
0.2628205128205128 -0.18972332015810278
0.26442307692307687 -0.1837944664031621
0.2612179487179487 -0.18181818181818177
0.26602564102564097 -0.17391304347826086
0.27083333333333326 -0.17391304347826086
0.27403846153846145 -0.1837944664031621
0.27243589743589736 -0.17984189723320154
0.27083333333333326 -0.18181818181818177
0.27083333333333326 -0.1758893280632411
0.27083333333333326 -0.17193675889328064
0.28044871794871784 -0.17391304347826086
0.28685897435897445 -0.17193675889328064
0.28365384615384626 -0.18181818181818177
0.28525641025641035 -0.1758893280632411
0.28846153846153855 -0.1679841897233202
0.29647435897435903 -0.1620553359683794
0.29807692307692313 -0.16600790513833996
0.2996794871794872 -0.1679841897233202
0.29647435897435903 -0.17786561264822132
0.29807692307692313 -0.1699604743083004
0.2996794871794872 -0.16007905138339917
0.3044871794871795 -0.1541501976284585
0.3092948717948718 -0.1541501976284585
0.3076923076923077 -0.16403162055335974
0.3044871794871795 -0.16600790513833996
0.3044871794871795 -0.16007905138339917
0.3076923076923077 -0.15217391304347827
0.3173076923076923 -0.14229249011857703
0.3237179487179487 -0.13833992094861658
0.3205128205128205 -0.14822134387351782
0.3253205128205128 -0.1541501976284585
0.3205128205128205 -0.15019762845849804
0.3189102564102564 -0.14229249011857703
0.3221153846153846 -0.13833992094861658
0.33012820512820507 -0.1324110671936759
0.33012820512820507 -0.13833992094861658
0.33012820512820507 -0.1403162055335968
0.33012820512820507 -0.14426877470355737
0.33012820512820507 -0.1324110671936759
0.33653846153846145 -0.12648221343873522
0.33974358974358965 -0.12252964426877466
0.34294871794871784 -0.13043478260869568
0.34134615384615374 -0.13438735177865613
0.34134615384615374 -0.13438735177865613
0.34134615384615374 -0.12845849802371545
0.34775641025641035 -0.11857707509881421
0.35416666666666674 -0.11660079051383399
0.35416666666666674 -0.11660079051383399
0.34935897435897445 -0.12450592885375489
0.34935897435897445 -0.13043478260869568
0.34935897435897445 -0.12055335968379444
0.35737179487179493 -0.11462450592885376
0.36057692307692313 -0.11067193675889331
0.35897435897435903 -0.11264822134387353
0.35576923076923084 -0.12648221343873522
0.35576923076923084 -0.12648221343873522
0.35256410256410264 -0.12055335968379444
0.35576923076923084 -0.11264822134387353
0.35416666666666674 -0.10474308300395252
0.35416666666666674 -0.11264822134387353
0.35737179487179493 -0.12450592885375489
0.35416666666666674 -0.13438735177865613
0.35096153846153855 -0.12252964426877466
0.35256410256410264 -0.11264822134387353
0.35576923076923084 -0.11067193675889331
0.35737179487179493 -0.11462450592885376
0.35737179487179493 -0.12648221343873522
0.35096153846153855 -0.13438735177865613
0.35096153846153855 -0.13043478260869568
0.35416666666666674 -0.12055335968379444
0.35256410256410264 -0.12252964426877466
0.34455128205128216 -0.11857707509881421
0.33493589743589736 -0.13438735177865613
0.33333333333333326 -0.13833992094861658
0.33012820512820507 -0.13043478260869568
0.33493589743589736 -0.12450592885375489
0.33333333333333326 -0.12252964426877466
0.33173076923076916 -0.13043478260869568
0.32852564102564097 -0.1403162055335968
0.3253205128205128 -0.1462450592885376
0.32692307692307687 -0.14229249011857703
0.3237179487179487 -0.13438735177865613
0.32692307692307687 -0.13043478260869568
0.3205128205128205 -0.13438735177865613
0.3221153846153846 -0.1462450592885376
0.3173076923076923 -0.15217391304347827
0.3157051282051282 -0.15612648221343872
0.3173076923076923 -0.14426877470355737
0.3205128205128205 -0.1403162055335968
0.3205128205128205 -0.14426877470355737
0.3125 -0.15612648221343872
0.3044871794871795 -0.16403162055335974
0.3044871794871795 -0.16403162055335974
0.3108974358974359 -0.1541501976284585
0.3125 -0.1462450592885376
0.3141025641025641 -0.15612648221343872
0.3076923076923077 -0.16403162055335974
0.3012820512820513 -0.17193675889328064
0.29807692307692313 -0.1699604743083004
0.29647435897435903 -0.16403162055335974
0.3044871794871795 -0.15810276679841895
0.3044871794871795 -0.16007905138339917
0.3012820512820513 -0.1699604743083004
0.29647435897435903 -0.17391304347826086
0.2996794871794872 -0.17984189723320154
0.3012820512820513 -0.17193675889328064
0.3028846153846154 -0.1679841897233202
0.29487179487179493 -0.1679841897233202
0.28525641025641035 -0.17984189723320154
0.28685897435897445 -0.1837944664031621
0.28846153846153855 -0.191699604743083
0.29166666666666674 -0.18774703557312256
0.29487179487179493 -0.17786561264822132
0.29166666666666674 -0.17984189723320154
0.28846153846153855 -0.18577075098814233
0.28525641025641035 -0.19565217391304346
0.28044871794871784 -0.19762845849802368
0.28365384615384626 -0.19367588932806323
0.28205128205128216 -0.191699604743083
0.28365384615384626 -0.18972332015810278
0.27884615384615374 -0.19367588932806323
0.27403846153846145 -0.20355731225296447
0.27083333333333326 -0.20355731225296447
0.27243589743589736 -0.20158102766798414
0.27403846153846145 -0.1996047430830039
0.27564102564102555 -0.19762845849802368
0.27083333333333326 -0.1996047430830039
0.26442307692307687 -0.21146245059288538
0.2628205128205128 -0.2134387351778656
0.26602564102564097 -0.21541501976284583
0.26442307692307687 -0.20948616600790515
0.2628205128205128 -0.20948616600790515
0.2548076923076923 -0.2134387351778656
0.2483974358974359 -0.21541501976284583
0.2532051282051282 -0.21936758893280628
0.2516025641025641 -0.22529644268774707
0.2548076923076923 -0.21541501976284583
0.2516025641025641 -0.22134387351778662
0.2483974358974359 -0.21541501976284583
0.2516025641025641 -0.21739130434782605
0.2467948717948718 -0.22134387351778662
0.2532051282051282 -0.2272727272727273
0.2564102564102564 -0.22529644268774707
0.25 -0.21936758893280628
0.23717948717948723 -0.22332015810276684
0.23076923076923084 -0.22529644268774707
0.22275641025641035 -0.23122529644268774
0.22916666666666674 -0.22924901185770752
0.23717948717948723 -0.22924901185770752
0.23397435897435903 -0.2272727272727273
0.23237179487179493 -0.22332015810276684
0.23076923076923084 -0.23320158102766797
0.22916666666666674 -0.23122529644268774
0.23237179487179493 -0.23122529644268774
0.23237179487179493 -0.23122529644268774
0.23397435897435903 -0.23122529644268774
0.23237179487179493 -0.23122529644268774
0.23076923076923084 -0.23122529644268774
0.22916666666666674 -0.23715415019762842
0.23557692307692313 -0.23715415019762842
0.23557692307692313 -0.23320158102766797
0.23076923076923084 -0.23320158102766797
0.22596153846153855 -0.22924901185770752
0.22756410256410264 -0.23320158102766797
0.22275641025641035 -0.23320158102766797
0.22596153846153855 -0.2351778656126482
0.23076923076923084 -0.2351778656126482
0.22916666666666674 -0.23122529644268774
0.22596153846153855 -0.2351778656126482
0.22275641025641035 -0.2351778656126482
0.22435897435897445 -0.23320158102766797
0.22756410256410264 -0.2351778656126482
0.22435897435897445 -0.23320158102766797
0.22435897435897445 -0.2351778656126482
0.22435897435897445 -0.23715415019762842
0.21955128205128216 -0.23122529644268774
0.22596153846153855 -0.2351778656126482
0.22916666666666674 -0.23320158102766797
0.23076923076923084 -0.23320158102766797
0.23076923076923084 -0.2351778656126482
0.22756410256410264 -0.2351778656126482
0.22435897435897445 -0.23122529644268774
0.22435897435897445 -0.22924901185770752
0.22275641025641035 -0.23320158102766797
0.22596153846153855 -0.23320158102766797
0.22596153846153855 -0.23715415019762842
0.21794871794871784 -0.23320158102766797
0.22115384615384626 -0.22924901185770752
0.21955128205128216 -0.22924901185770752
0.22916666666666674 -0.22332015810276684
0.23557692307692313 -0.2272727272727273
0.23237179487179493 -0.23122529644268774
0.22916666666666674 -0.22924901185770752
0.22916666666666674 -0.21936758893280628
0.23237179487179493 -0.21739130434782605
0.23717948717948723 -0.21146245059288538
0.24038461538461542 -0.2134387351778656
0.24038461538461542 -0.21739130434782605
0.23717948717948723 -0.21936758893280628
0.22596153846153855 -0.21739130434782605
0.23397435897435903 -0.21541501976284583
0.23557692307692313 -0.21146245059288538
0.24038461538461542 -0.21541501976284583
0.24198717948717952 -0.22529644268774707
0.23397435897435903 -0.23122529644268774
0.22916666666666674 -0.2272727272727273
0.23076923076923084 -0.22134387351778662
0.23557692307692313 -0.21936758893280628
0.23878205128205132 -0.22332015810276684
0.23878205128205132 -0.23122529644268774
0.23717948717948723 -0.24110671936758898
0.23397435897435903 -0.23913043478260865
0.23076923076923084 -0.23122529644268774
0.23237179487179493 -0.2272727272727273
0.23076923076923084 -0.22924901185770752
0.22435897435897445 -0.23913043478260865
0.21955128205128216 -0.2509881422924901
0.22275641025641035 -0.2509881422924901
0.22275641025641035 -0.24505928853754944
0.22596153846153855 -0.23320158102766797
0.22756410256410264 -0.23122529644268774
0.22916666666666674 -0.23715415019762842
0.23076923076923084 -0.24505928853754944
0.22756410256410264 -0.24505928853754944
0.22435897435897445 -0.2351778656126482
0.22115384615384626 -0.2272727272727273
0.22756410256410264 -0.22924901185770752
0.22596153846153855 -0.2351778656126482
0.22596153846153855 -0.24505928853754944
0.22115384615384626 -0.24703557312252966
0.22435897435897445 -0.23320158102766797
0.22596153846153855 -0.22332015810276684
0.22916666666666674 -0.22134387351778662
0.23076923076923084 -0.22529644268774707
0.22435897435897445 -0.23715415019762842
0.22275641025641035 -0.24110671936758898
0.22115384615384626 -0.23913043478260865
0.22115384615384626 -0.22529644268774707
0.22275641025641035 -0.22134387351778662
0.22916666666666674 -0.2272727272727273
0.22435897435897445 -0.23715415019762842
0.22435897435897445 -0.23913043478260865
0.22275641025641035 -0.23320158102766797
0.22756410256410264 -0.22332015810276684
0.23076923076923084 -0.21936758893280628
0.23237179487179493 -0.22529644268774707
0.22756410256410264 -0.23715415019762842
0.22756410256410264 -0.2351778656126482
0.22756410256410264 -0.2351778656126482
0.23237179487179493 -0.22529644268774707
0.23557692307692313 -0.21739130434782605
0.23878205128205132 -0.22332015810276684
0.22596153846153855 -0.23122529644268774
0.21955128205128216 -0.2430830039525692
0.21794871794871784 -0.23320158102766797
0.21634615384615374 -0.22332015810276684
0.22275641025641035 -0.21936758893280628
0.22596153846153855 -0.22134387351778662
0.22435897435897445 -0.23122529644268774
0.22115384615384626 -0.23122529644268774
0.21634615384615374 -0.23320158102766797
0.21794871794871784 -0.22529644268774707
0.22115384615384626 -0.21739130434782605
0.22756410256410264 -0.22332015810276684
0.22435897435897445 -0.22924901185770752
0.22435897435897445 -0.2351778656126482
0.22275641025641035 -0.23715415019762842
0.22275641025641035 -0.22134387351778662
0.22916666666666674 -0.21739130434782605
0.23076923076923084 -0.21739130434782605
0.22596153846153855 -0.2272727272727273
0.22435897435897445 -0.2351778656126482
0.22596153846153855 -0.22924901185770752
0.22916666666666674 -0.22332015810276684
0.23076923076923084 -0.21541501976284583
0.23397435897435903 -0.21739130434782605
0.23076923076923084 -0.2272727272727273
0.23076923076923084 -0.23122529644268774
0.23557692307692313 -0.22529644268774707
0.24038461538461542 -0.22332015810276684
0.2435897435897436 -0.21541501976284583
0.2467948717948718 -0.2134387351778656
0.23878205128205132 -0.22332015810276684
0.23557692307692313 -0.23715415019762842
0.22916666666666674 -0.2272727272727273
0.22756410256410264 -0.22332015810276684
0.22435897435897445 -0.22332015810276684
0.21474358974358965 -0.2272727272727273
0.20512820512820507 -0.24703557312252966
0.1939102564102564 -0.26086956521739135
0.1810897435897436 -0.2707509881422925
0.17788461538461542 -0.27470355731225293
0.16666666666666674 -0.2865612648221344
0.14743589743589736 -0.2964426877470355
0.11538461538461542 -0.3221343873517787
0.09134615384615374 -0.3537549407114624
0.07852564102564097 -0.38537549407114624
0.0625 -0.40909090909090906
0.03685897435897445 -0.42885375494071143
-0.0032051282051281937 -0.4486166007905138
-0.05769230769230771 -0.45849802371541504
-0.11858974358974361 -0.4624505928853755
-0.15544871794871795 -0.4486166007905138
-0.15224358974358976 -0.42885375494071143
-0.13621794871794868 -0.4169960474308301
-0.1217948717948718 -0.40118577075098816
-0.10737179487179482 -0.38537549407114624
-0.09134615384615385 -0.36363636363636365
-0.0657051282051282 -0.3320158102766798
-0.03685897435897434 -0.2865612648221344
-0.0032051282051281937 -0.25296442687747034
0.019230769230769162 -0.22332015810276684
0.040064102564102644 -0.2055335968379447
0.05769230769230771 -0.1758893280632411
0.07692307692307687 -0.14229249011857703
0.09775641025641035 -0.11462450592885376
0.11217948717948723 -0.08893280632411071
0.1217948717948718 -0.0810276679841897
0.13461538461538458 -0.08893280632411071
0.15384615384615374 -0.1027667984189723
0.17788461538461542 -0.10869565217391308
0.20512820512820507 -0.11067193675889331
0.22756410256410264 -0.11857707509881421
0.23878205128205132 -0.14426877470355737
0.2451923076923077 -0.1679841897233202
0.2516025641025641 -0.17193675889328064
0.2467948717948718 -0.17984189723320154
0.2532051282051282 -0.17391304347826086
0.2564102564102564 -0.17391304347826086
0.2596153846153846 -0.17786561264822132
0.2580128205128205 -0.19367588932806323
0.2548076923076923 -0.19367588932806323
0.2580128205128205 -0.191699604743083
0.2596153846153846 -0.1837944664031621
0.26442307692307687 -0.17786561264822132
0.26442307692307687 -0.1837944664031621
0.2596153846153846 -0.19565217391304346
0.2564102564102564 -0.19762845849802368
0.2596153846153846 -0.19367588932806323
0.26442307692307687 -0.17984189723320154
0.2628205128205128 -0.17984189723320154
0.27083333333333326 -0.1837944664031621
0.26602564102564097 -0.19565217391304346
0.26762820512820507 -0.19367588932806323
0.26442307692307687 -0.18774703557312256
0.26923076923076916 -0.1758893280632411
0.26923076923076916 -0.17984189723320154
0.26762820512820507 -0.17786561264822132
0.26762820512820507 -0.191699604743083
0.27083333333333326 -0.19367588932806323
0.27243589743589736 -0.18774703557312256
0.27884615384615374 -0.1758893280632411
0.27884615384615374 -0.1758893280632411
0.28044871794871784 -0.17786561264822132
0.28044871794871784 -0.18774703557312256
0.27724358974358965 -0.18774703557312256
0.28044871794871784 -0.1837944664031621
0.28365384615384626 -0.17193675889328064
0.29006410256410264 -0.17391304347826086
0.29006410256410264 -0.17984189723320154
0.29166666666666674 -0.18577075098814233
0.29166666666666674 -0.18577075098814233
0.29006410256410264 -0.17786561264822132
0.29487179487179493 -0.17193675889328064
0.3012820512820513 -0.16600790513833996
0.3012820512820513 -0.1699604743083004
0.2996794871794872 -0.1837944664031621
0.2996794871794872 -0.18181818181818177
0.3012820512820513 -0.17193675889328064
0.2996794871794872 -0.16403162055335974
0.3092948717948718 -0.1620553359683794
0.3125 -0.16600790513833996
0.3125 -0.17391304347826086
0.3125 -0.17786561264822132
0.3141025641025641 -0.1679841897233202
0.3157051282051282 -0.15612648221343872
0.3221153846153846 -0.15217391304347827
0.32852564102564097 -0.16403162055335974
0.32852564102564097 -0.1679841897233202
0.32852564102564097 -0.1679841897233202
0.32692307692307687 -0.15810276679841895
0.33012820512820507 -0.14822134387351782
0.33012820512820507 -0.14426877470355737
0.33012820512820507 -0.15019762845849804
0.3253205128205128 -0.15810276679841895
0.3221153846153846 -0.15810276679841895
0.33012820512820507 -0.14426877470355737
0.33333333333333326 -0.13636363636363635
0.34455128205128216 -0.12845849802371545
0.33974358974358965 -0.13043478260869568
0.34134615384615374 -0.14229249011857703
0.33814102564102555 -0.1462450592885376
0.33814102564102555 -0.13636363636363635
0.34455128205128216 -0.12450592885375489
0.35576923076923084 -0.11857707509881421
0.34775641025641035 -0.12450592885375489
0.34935897435897445 -0.1324110671936759
0.34775641025641035 -0.13438735177865613
0.35416666666666674 -0.12252964426877466
0.35737179487179493 -0.11660079051383399
0.3621794871794872 -0.10869565217391308
0.3685897435897436 -0.11462450592885376
0.3637820512820513 -0.12252964426877466
0.3637820512820513 -0.12648221343873522
0.3653846153846154 -0.11264822134387353
0.3701923076923077 -0.10474308300395252
0.3733974358974359 -0.10079051383399207
0.3766025641025641 -0.10079051383399207
0.3701923076923077 -0.11067193675889331
0.3685897435897436 -0.11462450592885376
0.3717948717948718 -0.10671936758893286
0.375 -0.09486166007905139
0.3766025641025641 -0.09090909090909094
0.3798076923076923 -0.09486166007905139
0.3766025641025641 -0.10869565217391308
0.3733974358974359 -0.10869565217391308
0.375 -0.10079051383399207
0.375 -0.09683794466403162
0.3766025641025641 -0.08893280632411071
0.375 -0.09683794466403162
0.375 -0.10474308300395252
0.3717948717948718 -0.11067193675889331
0.3733974358974359 -0.10671936758893286
0.375 -0.09486166007905139
0.3782051282051282 -0.09486166007905139
0.375 -0.09881422924901184
0.3717948717948718 -0.10671936758893286
0.3701923076923077 -0.11660079051383399
0.3653846153846154 -0.11264822134387353
0.35897435897435903 -0.10671936758893286
0.3621794871794872 -0.10079051383399207
0.35897435897435903 -0.10671936758893286
0.35737179487179493 -0.11264822134387353
0.35416666666666674 -0.12252964426877466
0.35576923076923084 -0.11462450592885376
0.35897435897435903 -0.11067193675889331
0.35737179487179493 -0.10474308300395252
0.35416666666666674 -0.10671936758893286
0.35256410256410264 -0.11857707509881421
0.34455128205128216 -0.12450592885375489
0.34775641025641035 -0.12252964426877466
0.35096153846153855 -0.12055335968379444
0.35576923076923084 -0.11264822134387353
0.34775641025641035 -0.11660079051383399
0.34455128205128216 -0.12845849802371545
0.33653846153846145 -0.13636363636363635
0.33333333333333326 -0.13043478260869568
0.33653846153846145 -0.12252964426877466
0.33493589743589736 -0.12252964426877466
0.33333333333333326 -0.12450592885375489
0.32852564102564097 -0.13833992094861658
0.32692307692307687 -0.14822134387351782
0.3253205128205128 -0.14229249011857703
0.32852564102564097 -0.13636363636363635
0.32692307692307687 -0.12845849802371545
0.3253205128205128 -0.13636363636363635
0.3205128205128205 -0.1462450592885376
0.3173076923076923 -0.15019762845849804
0.3157051282051282 -0.15019762845849804
0.3205128205128205 -0.14229249011857703
0.3173076923076923 -0.14426877470355737
0.3221153846153846 -0.14229249011857703
0.3141025641025641 -0.15217391304347827
0.3125 -0.15810276679841895
0.3092948717948718 -0.15612648221343872
0.3092948717948718 -0.1462450592885376
0.3108974358974359 -0.14822134387351782
0.3125 -0.15217391304347827
0.3076923076923077 -0.16007905138339917
0.3012820512820513 -0.16600790513833996
0.2996794871794872 -0.16403162055335974
0.3028846153846154 -0.16007905138339917
0.3044871794871795 -0.1541501976284585
0.2996794871794872 -0.15612648221343872
0.29647435897435903 -0.1679841897233202
0.29647435897435903 -0.1699604743083004
0.29166666666666674 -0.17193675889328064
0.29326923076923084 -0.17193675889328064
0.29807692307692313 -0.16403162055335974
0.29326923076923084 -0.16600790513833996
